22

Fe 2.272252083 -1.154624820 0.961509049
C -0.631507754 1.132328272 -3.323053360
C -1.127806067 2.354129553 2.348559141
C 0.387307465 -0.244798362 -3.617336035
S -0.986711025 -0.042425908 -0.497069001
C -0.240292668 -0.032297757 2.659345865
P -0.066586435 0.734335840 1.868608832
P 0.602143049 -1.232540607 -1.108226180
S -0.047363799 -0.095004827 0.708909273
S 0.661836267 -1.202535152 0.409088284
Na 2.580267668 -0.407788068 2.145400524
S -0.990039885 1.630631089 1.585466981
C -1.619541645 -0.969455004 -0.216909006
C -2.226227522 1.423067689 -1.467943907
C 2.919263363 -2.129038572 0.629225075
C 0.801487625 1.288123012 2.351072311
S -0.186420038 -0.249699652 -1.675413370
C -1.777181506 1.739047050 0.518864572
S -1.741978645 1.043716788 -0.631559491
C 0.337731898 -2.105318785 0.880461216
C 1.235970736 -1.765574098 -1.570847988
P -0.156602949 0.285722971 -2.958152771
