21

C -1.461599231 1.838651061 0.616513848
P 0.298156708 1.580987930 1.739332318
C 0.244934693 -1.181084633 -2.647280216
C 0.617524028 2.119303703 2.519335032
C -1.348519921 0.900920093 -1.235470533
S -0.319532752 1.667385459 0.415700048
Na -1.714895487 -1.346635461 0.884059310
C 2.911232948 -0.264253378 0.495973110
C -2.640989542 -1.421523213 0.886111677
C -0.110985495 -2.674547911 -0.886027336
C -1.467814803 -0.926195800 -2.627174139
S 1.803335547 -0.108033158 0.552470684
S -0.177327141 -1.605535865 -0.791165352
C 1.303601146 -1.878721118 0.738829374
P -0.637339890 -0.796642065 0.029278573
S -0.838601947 0.582839131 -0.339093208
P -0.612544954 -1.129010916 -2.102333069
S 0.806981981 -1.073008299 0.230149418
C 2.081425905 1.946587682 0.828596294
S 1.293667436 1.233573914 0.933808565
C -0.030708298 2.534942865 -0.241614759
