23

S 2.542946815 1.523908615 -1.665751219
S 1.385786295 0.971163511 0.317418814
Na 4.540530682 2.037995815 -2.405298233
P 3.343332529 2.021468639 -2.255345106
S -2.294422626 -1.443235517 2.097364664
C 1.132841587 1.964947939 0.658330381
P -0.030579846 -1.149272561 -1.577173233
P -3.309358358 -1.098993897 1.530377507
Na 0.292916328 -0.036979560 2.173719883
Na -0.058399800 0.759461045 -2.619774103
S 0.496356934 0.146266326 -1.720127225
S 1.550829768 0.910310984 -1.098966360
C -0.375821501 -1.415036917 -3.834143400
P 0.205543712 0.533323288 0.923333406
C -1.652191997 1.267812014 0.921321034
C 2.282262802 0.550224245 0.754580617
P -0.201916754 -1.550855875 -2.831998110
C -1.843782306 -2.417906046 2.106297016
C -3.737902880 -1.479282856 2.531006575
Fe -1.064890265 -0.534754813 2.759753704
Na -0.213551342 -2.152435780 -0.732637346
C -1.981172085 -0.064010479 3.563783407
P -1.009358287 0.655881941 0.403928488
