24

S -1.010576725 -2.223504543 -0.457166106
C -0.424856424 1.799924731 0.375757068
S 0.162370875 1.468463063 -0.104777314
C 1.686720848 4.277887821 -1.579674006
Na -0.734557807 -3.309836388 -1.602139235
Na -0.592392206 -3.534316540 -0.634002388
C 0.957724810 -1.500262022 -0.970563531
Na 1.503492236 3.367143631 -1.216860175
S 0.014661976 -1.020484805 -0.546616077
C 1.633901238 1.199373484 1.704958081
C -2.135069132 -2.148939610 -0.614372730
P -1.272503734 -1.331604481 1.866270542
C -0.554436982 0.400471866 2.429533958
Na -0.589276314 4.146085262 -0.589735687
S 0.491881043 0.119094804 0.391133964
Na 1.737800956 0.396713167 1.119277120
C 2.487650633 -0.224796563 0.860524952
C -0.527510703 2.634504795 -1.838129997
Na 0.040463910 -4.020680904 -1.410946131
S -0.621287763 -0.471425742 1.720705748
S -0.906053841 -1.490213752 0.604714096
C -0.308537245 -0.272916347 -1.435496926
S 0.120779574 3.035474777 -1.085216165
C -1.160389423 -1.296154022 3.012821198
