25

C -1.782667518 -1.714253306 -0.127077043
C -0.095328309 -1.144845247 2.084295750
C 2.151484966 1.700621367 -0.332468748
C -0.811524451 1.574594021 -1.181417108
S -0.288516253 0.433556795 0.428353906
S 0.236165106 1.145483375 -0.968045652
C 1.539053440 -2.213261843 0.687758029
C 1.601225734 -0.574749470 -1.709197879
S 0.923158765 0.341093779 -2.005571127
C 0.104751982 -0.096691422 -2.677468538
C 1.710728049 0.684750259 1.184972882
S -0.199098021 -0.963030457 0.966837168
C 1.792269945 0.809686303 -2.574713707
S 1.149251938 1.346678138 0.236733496
C -2.391611814 -1.448233724 2.374961853
Fe -2.850645065 -0.670533180 1.506323695
S -1.545193553 -0.666751146 0.258159161
C 0.308641016 -2.430203438 -0.571986079
S 0.614953697 -1.972066879 0.321660697
C 0.946443319 2.430011511 0.591585875
C -2.972032547 0.467459768 1.887689829
C 2.339842796 -0.120043673 0.967267394
C -0.725823283 1.185674429 1.151118636
C 0.360083491 2.037487030 -1.890138626
C -2.115612984 -0.142433375 -0.609632671
