23

Na 1.268414617 0.948138058 1.380092382
C -1.074558735 2.774656296 1.908363104
Na -2.320096016 0.733612597 -0.503845036
S -1.148293257 -0.060082745 -0.291023463
S -0.276643276 -1.858909726 0.325431108
S -0.911968648 -0.817412436 0.821339250
Fe 1.086353779 1.886076808 0.467114717
S -1.717791438 2.157474756 1.227226377
S 1.550790906 -1.504415512 -1.286200047
C -0.663359463 -0.172014505 -1.286670446
C 0.134933949 -3.372984409 -0.833696485
S -1.663456440 1.084010124 0.396185756
C -1.156098962 -0.692331553 1.877925992
C -2.261919022 1.504366875 1.928151608
Na 2.125554085 -0.364441246 -1.376362681
Na 2.395134449 -3.253229141 -2.386692286
C 1.747663736 2.925862789 0.458913177
S 1.781634092 -2.602187872 -1.715702415
C -0.398245275 -2.606305838 1.075486898
S 0.603069961 -2.406593561 -0.761811793
C 2.697481871 0.436222821 -1.414691448
C 0.294711828 2.333549500 -0.546234071
C -2.093312740 2.926936865 0.536699533
