21

S -0.188176423 0.433371216 0.978467286
C 1.886758208 -1.606938004 -0.015815917
Fe 1.684917450 -1.981608391 -3.074460268
C -2.847723246 0.662552297 3.400174856
Na 1.071816802 0.331017435 1.449338675
Na -2.374518394 0.583118558 1.005447626
C -0.056307551 1.810184360 -0.439493716
C -1.560621977 -0.662600040 3.745138407
C 1.832507968 0.721153140 -1.298113704
S 0.718231380 -0.484511405 -2.791749954
S 1.042084455 -0.116383597 -1.274036407
C -0.294221312 -0.690801442 -3.247401476
C 0.467889220 -2.633264303 -3.259643793
C 1.746516109 0.968282580 1.081647635
C -1.119407535 0.553974390 -1.107831836
S -0.177276745 0.688479245 -0.512919843
Na -1.026525021 1.271923542 4.145699978
S -1.727035284 0.380813062 3.344246864
S -1.377682447 0.431398898 1.779725552
C 0.942205608 0.435514510 -3.390080452
P 1.356568336 -1.095675707 -0.518340468
