22

S -1.667083979 0.467216700 -1.379443645
C 0.417836815 0.960321069 -1.256544828
C -1.346907735 0.005930487 1.174441218
C 0.568059862 0.744359434 2.043998957
S 2.769833565 -1.735443473 1.628745914
C 0.719200015 -1.955170155 1.812460184
S 0.979901373 -0.456746459 0.223451361
C -1.545080185 2.520956278 -0.869712710
S -0.779970884 0.685567439 0.613384187
C -1.355630159 2.033298492 0.810225606
Na 0.578931689 0.701376975 1.060936928
C 1.651745439 -0.656386971 -0.633380055
C -0.546170473 -1.009164691 -0.971272707
S -1.515503049 1.592752457 -0.330445081
S 1.504842401 -1.407365203 1.246351361
C 3.645194292 -1.524941444 1.050460935
C 3.034268379 -2.280853987 2.530123472
S -0.233779714 0.094993696 -0.704456389
C -1.277457952 0.753375649 -2.537257671
C -2.342436075 -0.427522898 -1.711240888
C -2.745168686 0.788701355 -0.752920628
C -0.514625788 0.104745500 -3.047905207
