21

C -2.235860109 -0.928947985 1.479918838
S -1.563844442 -0.060958657 1.464596748
C -1.180048347 2.919102430 -2.515073538
Na 1.400210261 1.762215734 -1.678568602
Na 1.932946205 -2.633770227 2.517630577
C -0.908892035 1.159411907 -2.543584585
S 0.243881240 0.248212770 -0.136480063
Na -1.359652400 0.412226379 2.558966637
C 3.016499519 -2.074034452 0.083071858
P 1.168269277 -2.054442644 1.730165482
S 1.405344486 -1.439496398 0.751585484
Na -1.767120719 1.762519598 -0.836002707
C 0.199744314 -2.205059052 1.329151869
S -1.157353163 0.557696581 0.195522293
S 1.530768871 0.610153079 -0.981599152
C -3.285789251 0.619564652 -0.067008585
S -2.348299742 0.957923114 -0.131693557
C 2.586270332 0.286671191 -1.273162603
S 1.295970082 -0.409728199 -0.060599990
S -1.209678650 1.975908399 -2.018012285
Na 2.236634254 -1.465167999 0.131175950
