20

C 0.437816679 -0.955697954 -1.644678235
C -1.430379152 -2.266505718 -1.225328207
Na -1.561776280 -1.586782694 -1.984000206
C -0.079186469 -0.823587120 2.216558695
C -3.375274420 0.515096843 0.773996592
C 2.170944214 1.973879814 -0.238640502
C 2.696773529 0.193050832 -0.251444906
C -0.676043570 1.528889298 1.842692137
S -0.434782088 0.048260577 -0.274360716
C 1.672443151 0.986366272 -1.539432526
Na -0.932667792 0.570554197 -2.511320591
S 1.863168597 0.927979827 -0.433192611
S 0.608671665 0.458810151 0.544285834
P -1.526716590 -0.019039072 0.085076720
Na 0.280229747 1.502336502 1.579469919
Na -2.658510447 0.426018029 -0.034659754
Na 2.034618378 -0.486822814 2.173510313
S -0.615090787 -0.476241022 -1.636624336
S 0.808396816 -0.744120479 1.532175064
C 0.717365205 -1.772445440 1.025916934
