20

C -0.355451792 1.914499283 2.007329226
Na -0.715809166 1.854750037 4.786641121
C 1.759305716 -0.686605453 -3.151588678
C -0.917859018 0.449234366 -0.128520444
C 0.125642344 -1.950623393 -1.441026688
Na -2.556406260 -0.595581293 0.401862711
Fe 2.455211163 0.727518618 -1.070676208
Na -0.889195144 1.197605848 3.922809124
Na -1.004964828 -1.227624416 2.714916229
C 1.071766973 -2.023292065 0.402790040
S -1.426780343 -0.088473611 0.604447484
C -0.521482587 -2.229993343 0.099293217
S -1.021629691 -0.122025371 1.985982537
S 0.682787240 1.036876798 -3.109868288
C -0.341817230 1.103973746 -3.025806665
S 1.304440618 -0.521263838 -1.083431005
S 0.416763335 -1.769667745 -0.427698970
S 1.505816460 0.071695797 -2.407364368
C 1.140580893 1.770066381 -3.634844542
S -0.710918725 1.088929772 2.554754019
