21

Na -2.696638823 -0.464594632 -0.175010443
Na -0.294938296 -2.321100950 0.740633905
C -0.199592635 1.836856961 -1.237059474
C -1.136899471 -2.467848778 1.265632629
C 0.017473094 0.012373434 2.264796495
C -0.702418506 -0.964077950 -1.087258697
S -0.188988611 -0.206551254 -0.359170347
S -1.629262924 0.139955357 -0.246655196
S 1.043730736 -0.069453150 -0.203944907
C -3.245596170 -0.710493982 -0.915088713
S -2.307696342 1.099753857 -0.159102634
S 0.524555802 1.110980749 -0.870087445
P 3.122078419 1.322754622 -1.154638290
C 1.235309958 -0.791609406 0.280712932
P 0.305767536 -0.861250162 2.116912603
P 1.707233429 1.696430087 -1.245109558
C 4.048943520 1.550244570 -1.281762600
P 0.520434678 -1.082127452 0.736702561
C -2.862973213 1.774155378 -0.500836074
S 2.138814449 0.913288713 -0.700641036
C 0.600664616 -1.517686009 2.730973721
