23

S 0.158481583 1.105810165 1.725674510
Na -2.341151953 1.784214020 1.597062111
C 0.066625193 -1.991922736 0.872895777
S 1.633208513 -0.624606669 -1.312077284
S 0.299087614 -0.262742519 0.717905045
P 0.881857753 -1.373782754 1.316314697
C 1.683785200 -1.915849566 1.515220642
S 0.127208948 -0.115892291 -0.788018882
Na 1.228658199 1.621282935 1.261586785
C 2.385632277 -0.078282557 -0.730874777
Na -3.178427696 2.494486094 0.964785457
S -1.049570203 0.357544154 -0.001428895
C -1.294406295 2.146022797 -1.321092486
C 0.872275531 -2.597724676 -1.433282852
C -0.190730348 -0.045665342 -1.895239830
C -1.881162643 -0.387115300 0.131312832
C 2.579096079 -2.435112476 -0.903337061
C -2.669296503 1.174220324 -1.347010493
Na 0.084672794 1.163286805 3.130959034
S -1.210358143 1.229702592 1.130819798
S 1.697453380 -1.983794928 -1.269834399
S -1.718208075 1.333435178 -0.982836723
C 1.835268378 -0.597513616 -2.379502773
