20

Na -0.724621713 0.924864113 -2.738137484
S -0.359162420 0.875460029 0.867534339
S 0.440174997 0.334762126 -3.052015305
C -0.982218444 2.210845709 0.270678461
P 0.382646859 -1.361813068 1.154673219
Na 0.457677484 -0.911033332 -3.474119186
S 0.433280319 -1.079765081 -0.125075474
C 0.346365213 1.478186011 2.847151756
C 1.532161355 0.387165010 0.840054929
C 0.570593417 -2.007515669 1.837014198
P -0.550233483 -0.668636501 -1.002697706
C -1.224675655 -1.007050514 3.111130238
C -1.228944063 -1.302840590 -1.241671681
S -0.147160456 0.664414406 2.255703926
S -0.533738971 0.649674237 -1.459789634
S 0.523882151 -0.042291895 0.998883128
Na 1.550978065 1.021663904 -3.255344868
C 1.199964643 -1.565669417 -0.739445210
S -0.695315719 1.412220836 -0.308528155
P -0.991653621 -0.012640778 3.214001179
