22

Fe 2.734214306 -0.391442478 0.500379562
C -4.447606564 0.280387461 -1.100447655
C -2.009934664 2.093785524 0.342625409
C 0.391962379 -1.076373696 -1.296565175
S -2.830850363 1.345684290 -0.289517015
S 0.587174475 -1.118041039 -0.283981323
C 0.754284143 0.564527452 0.788989484
C 3.071116924 0.889798284 0.699155152
C -0.673874974 0.986646354 -1.329402685
C 0.654213130 -2.036515713 0.143681556
C 3.962852716 -0.217391461 -1.534493923
Na -1.618860364 -0.116409674 1.209886670
C -3.088294744 2.088486433 -1.044498324
S 3.190929174 -0.825560808 -1.061254740
S -1.877045751 0.431683242 -0.059009727
Na -4.321954250 0.629038990 -0.135742292
C -0.975196183 -0.268466383 1.916756511
C 2.202586412 -0.837413907 2.167393684
Na 1.651518583 -0.522845685 2.957952499
S 1.085340619 -0.247002840 0.401896089
Na -1.282024980 0.160000578 -1.301577449
Na 2.839448929 -1.812575459 -1.692226291
