21

C 1.156483173 -0.807896376 2.720376015
S -0.511470199 -0.159133077 0.125518486
Na -2.795635462 2.216357470 0.870172858
C 0.930656493 1.347133517 1.297993183
C 0.695062995 -1.632849574 -2.656262875
S 0.558795512 0.374075174 0.945598423
C -0.505949497 2.065784693 -0.136052072
C -2.483459234 -0.189505115 -0.320247084
C 2.205856323 -0.322913975 -0.282123655
Na -0.968982756 -2.372388124 -1.613737106
S -0.927799344 1.040417433 0.127337515
S -2.258691072 1.307504773 -0.148406029
S 2.262771368 -0.209105760 0.723940969
C 2.517016649 -1.383469939 1.780833840
S -0.421907187 -0.360280454 -1.393102527
C -0.689904094 -1.177656531 0.624953628
Na -0.715243816 0.474124432 -2.303925514
C 3.180651903 0.332308382 0.905846894
S -0.084664114 -1.543917060 -1.952821493
S 1.589012146 -0.585015416 1.737313032
C -2.732599258 1.586425424 -1.053206801
