23

C 0.896332264 1.455852747 0.114535816
Na 2.212150335 -1.413035989 0.098542482
S -1.030331135 0.416543841 0.422839165
C 0.973967016 -1.372052550 2.561286211
C -2.108569145 -0.010409458 2.130563259
C -3.130900621 1.038490295 0.944650233
C -2.556965351 1.462324142 2.520271301
C 0.599438131 -2.121695757 -2.542223215
P 0.633609176 -0.321563125 -1.593574166
S 0.556825578 -0.555570006 2.054926634
Na 0.293457389 1.637315869 -2.924934149
S 1.224764943 -1.439822793 -1.941157341
C -1.704583049 0.045651279 -0.389284372
S 0.164246827 -0.439944327 0.668768764
C 0.396696746 0.378020614 2.531885862
C -1.442989588 1.793187261 1.211984038
S 0.467508644 0.759217739 -1.824370980
S 1.163209081 -0.960062444 -0.553897023
S 0.328649461 0.581802011 -0.332774013
C 2.562226295 -1.629220843 1.020465374
S -2.182000399 0.968137681 1.528005481
C 2.207795620 -1.785777330 -2.235466480
C -0.524538815 1.512611151 -3.471043348
