22

Na 3.765525818 2.721792459 -3.330884933
S -1.888602853 -2.581270456 1.493983150
S -0.615337491 0.698905766 0.308628052
C -0.446226060 -3.835050821 0.532713950
C -3.143796206 -1.420733690 2.922450781
C 1.730887771 -0.394557446 -0.232464045
S 3.190197945 3.263953924 -2.328691959
C -0.182505339 -1.543802500 -1.352299452
C -3.066110849 0.088399947 1.062445879
C -1.280596733 1.484854460 0.690571547
S -2.266587257 -0.689278007 1.155356050
S 2.851443529 2.280202150 -1.682703853
S -2.580816507 -1.547487140 2.060288668
S -0.573975384 -1.701061845 -0.331841826
S 1.665112138 0.589606166 -0.448933959
C -2.335922718 -3.418326378 1.952735543
C 0.724988937 2.412529230 0.058521837
Na 2.679036140 1.247853041 -1.130405426
S -1.064588070 -0.594040036 0.338248551
C 3.149936676 4.358932495 -2.227325201
S 0.572064042 1.356171250 -0.044888459
S -0.884128034 -2.777592182 0.534494936
