26

S -0.142259613 -0.658233106 0.120602258
C -0.485164970 -1.681386828 1.368100524
C 3.271666050 -0.094330601 0.254906118
C -0.818826973 -2.613770485 -0.148861468
C 2.108626366 1.186141491 1.487769604
C -2.557386398 0.155515224 0.811256051
P 1.586673260 0.278760165 1.165378928
S 1.554403782 0.811483860 -1.119984150
S -0.031694341 -1.971087337 0.132474244
C 1.877257228 0.319914401 -1.953422427
Na -0.543419003 1.972297311 1.207044721
C 1.113481998 -0.047783989 2.075186014
C 1.822902560 1.738097072 -0.708803296
S -1.272018194 0.275253356 -0.203698546
C 0.911977351 -2.414249182 0.340816796
S -0.496660918 1.307033896 -0.020341244
C -0.406042546 1.631758094 2.196445942
C -0.717501581 1.870275855 -1.020319223
S -1.708666444 -0.330934733 -1.241391063
C -2.876673698 1.409500718 -0.390668988
P -2.464361906 0.585419536 -0.131393000
C -2.409369230 -1.105969548 -1.270742893
C 0.459721446 -2.005543232 -1.434490204
C -1.081942558 -0.392021686 -2.116320610
S 0.863150477 0.388463140 0.011984050
P 2.442127466 -0.614603221 0.588472247
