22

C 2.874034405 -1.457201362 -2.732607841
C -0.932092905 -1.056538224 1.853449345
S 1.918911457 -1.595182538 -2.958175659
C -1.610272050 -0.064504683 2.992704868
C 1.045186758 -0.319988221 0.419259191
C -2.759164333 -0.792627275 0.382238060
S -1.559641719 -0.347143412 2.003772259
S 0.438228548 0.585315645 0.170527160
P -1.400717020 0.483838886 -0.224621058
S 0.632349491 1.463405132 1.524553061
C 2.578328133 2.231677294 1.293776870
Na 1.224746585 -2.317984819 -3.826760054
S -2.233313799 -0.000907854 0.851634741
S -0.448444664 -0.094526865 -0.719646096
P 1.809492946 2.103531122 1.756490350
Na -0.492866069 -1.430593371 -2.752980471
C 0.981093407 1.299984694 -0.453999907
C -2.958072662 0.655413389 1.286082268
S 0.613767028 -1.562338114 -2.914853811
C 0.702533007 0.902247369 2.474153519
S -0.223808765 -0.881463885 -1.906292677
C -0.200278252 2.195586920 1.481296062
