22

S 1.721514463 0.609316230 0.633082688
Na 2.103910923 2.067508698 0.573966801
Na 0.038902272 0.520706356 2.861246109
S 0.019280685 0.181616813 0.575111628
C -0.750521719 0.972290754 3.263980627
C 1.785495639 2.365319252 2.591570854
C 2.510287285 0.185919866 1.363208175
S -0.046029024 -1.593203545 -1.595858455
P -1.232055783 -1.828790069 -2.504408360
S -0.336071700 -1.068802238 -0.260334283
C -1.142280936 0.364611179 0.506754875
C -3.069741011 -0.372576386 -1.525966644
C -1.176542163 -2.412737131 -3.390996456
C 0.589554548 -1.901548862 -0.299117893
C 2.092203379 0.108433299 -0.340488017
S 1.399374723 2.064230919 1.736241817
S 0.443166107 1.126258969 1.595410943
Na -2.282214403 0.118711501 -2.590450048
C -1.375651360 -1.442158222 -0.058521304
P -2.101936817 -0.718374550 -2.330859900
C -0.053210430 2.288940668 1.633122802
Na 0.862565517 -1.635674477 -2.436695337
