20

S 0.358317792 0.720618904 -0.506537378
C -1.255119562 -0.116013512 -1.150647640
S -1.288249135 -0.576146722 0.870005131
C 2.643980980 -0.955565393 1.034371257
Na 1.445491672 -0.117522530 -2.303199053
Na 1.701912165 -1.387527585 -0.635364413
S -0.994801521 0.379913419 -0.131764710
S -3.824724913 -0.598943710 1.093757153
C 0.138825908 2.877940655 -0.358360320
S -2.633389473 -1.086389303 0.880697012
C -2.521212101 -2.159869671 0.746961057
C -4.740776539 -0.318708330 1.388745427
C -1.674755454 1.228020191 0.137454867
C -0.479164034 -1.001281738 1.407482386
S 2.668873310 -0.559469819 0.008093364
C 3.603024244 -0.770547569 -0.507776976
C 1.754801393 2.268758535 -0.795501232
C 2.946989059 0.489750057 0.374786109
S 0.749668837 1.994343162 -0.542984247
S 1.400307417 -0.311359227 -1.010217786
