24

S 1.566644192 -1.002542973 3.462812901
Na -1.485594511 -0.288523942 -1.558599353
C -0.978750587 -0.542407811 3.098506927
S -0.431055576 -0.201623708 -0.616655409
C -1.706742048 -0.439866781 0.771583855
C 2.683653355 0.323499382 1.317378640
C 0.433489084 -0.279805332 -2.401461363
S -0.812045276 0.278948009 0.821919858
Na -2.081888437 1.675846457 -3.647744894
S 1.682497382 -0.035733934 0.979316652
C -0.052459933 -1.272778511 -0.369032085
C -1.292851210 -0.132738039 -4.212912560
C -0.122240782 1.270886660 -3.950263500
C 1.279809713 -0.931990921 4.512654305
C 2.419990063 -1.584574819 3.255532026
S -0.587602079 0.087456048 -2.147529840
C -1.235219121 1.340232611 0.990383089
C 0.963794410 1.501191378 -0.097108655
S -1.056204796 0.807016790 -3.618210793
S -0.359832525 -0.263264388 2.232259750
S 0.954332471 -0.470535785 2.359860420
C -2.409188271 0.233065009 -1.417406321
C 2.041311741 -0.602778494 0.023851877
S 0.586153030 0.531022966 0.210864156
