20

S 1.469811082 1.741798520 -0.753507912
C 2.433246136 3.398410082 -1.266439795
C -2.107497692 -0.818733990 1.019738674
S -3.236517668 -2.664056063 1.029137611
S -1.354245067 -0.727719843 0.121308580
S 0.165903583 -0.822009802 0.405938804
P -1.689231873 0.033518609 -0.857228339
S -2.365776300 -1.904719472 0.404531956
S 0.577313006 1.458032966 -1.553275824
C -2.161185980 -2.402214050 -0.547417521
S 1.983478904 1.213456750 0.263412893
C 0.117391735 1.636918783 -2.417521000
S 2.021741152 2.673350334 -0.946635306
S 2.922291994 1.419089675 1.067001820
C 0.268161565 -1.821920633 0.491853982
C 3.465749979 1.362395287 1.802134395
C -1.811958671 0.032926839 -1.793952107
C 1.820698380 -0.488086849 1.436684012
C -3.788225651 -3.316200256 1.452055693
P 1.268851042 -0.004236690 0.642179012
