23

C -1.067769289 1.491756916 -1.016677737
S -0.195207343 1.710413933 0.595573068
Na -1.279410362 -0.961889565 -0.832771838
P 0.521440208 0.599713862 1.183746696
C -1.658661127 -0.770424187 0.071238682
C -0.010257596 3.751621485 0.071900375
C -2.073727608 3.410099030 2.155747890
S 0.529151857 -2.622719288 -1.457951546
Na -1.275917768 -2.918673277 -1.116805792
P 1.924544573 -1.113894463 0.273230284
P 1.213494301 -2.863025188 -2.018228531
S -0.487831593 3.121050358 0.761506081
P -0.449583083 1.306134582 -0.304444462
C 0.374499232 0.080213182 2.087279797
C 2.422761202 0.982880712 0.621652842
C 0.442916334 -2.400377750 0.924268067
S -1.256722808 3.887577534 1.696022630
S 1.712686062 0.179595590 0.709659159
S -0.373738408 -2.142332792 -0.820955217
Na -1.076747060 5.150484562 1.984474659
P 0.926583469 -3.532122850 -2.523512363
P 0.669511795 -1.903243899 0.053620543
Na 0.467983842 -4.442837715 -3.098573446
