26

C 2.259011984 2.618760586 0.877227604
S 0.339795917 -0.150110021 -1.664497733
S 1.078121185 1.224984050 0.095482923
S -0.834441960 0.529446483 1.250642896
S 0.831208348 3.534254313 1.482694864
C -1.560772538 -2.872052431 1.415234804
C 0.441622883 1.492226243 2.645753145
S -0.634410560 -1.841625571 0.557297885
W -0.708603084 -1.362046599 -1.057113647
Na 1.304306746 0.554661214 -1.026138067
C -1.473168731 0.393082142 2.152352810
C -0.058002785 4.005710602 1.261368990
C -1.360672474 0.842803121 0.350864977
S 0.339201242 1.427228928 1.562534213
S 0.178872421 -1.779302239 -3.666566372
C 0.052246805 -3.588989735 1.514069676
C -0.735799432 -1.677626610 -4.163908005
Na -0.652634561 -3.173316956 0.897039294
C 1.063467622 -2.187514544 -4.020153046
C 0.219124824 -1.397387147 1.442309022
S 0.065200552 -1.289125323 -2.425702333
C -2.129290342 -1.856971383 -1.387223363
C 1.319319963 4.104590893 2.174006701
S 1.274464726 2.278166771 0.991911530
S -0.556431830 -0.698988080 0.651916564
C -0.061737217 0.869140923 -1.911405802
