21

S -0.887083292 0.192682654 -0.624529958
Na -2.469874859 0.606397450 2.117721319
C 1.530533791 0.508171439 -2.860132217
S -0.320055425 -1.772083282 0.571968794
S 1.441338539 0.865230918 -0.582071960
Na 2.024454594 1.501762629 0.381496072
C 2.760414362 1.185082793 -1.934069753
C 2.888291597 1.019984245 0.517861307
Na -1.133749962 -1.153002739 2.815470219
S 0.343508363 0.424255937 -1.050137043
S -1.425902009 -0.459532708 -1.872150540
C 0.730448961 -1.935040593 0.502623498
C -0.841818035 -2.681446075 0.621561646
S -0.887702584 -0.526862800 0.537168622
C -1.292090893 -0.187904745 -2.889423132
C -1.335359097 1.305546761 -0.102487691
S 1.722347140 0.791483343 -1.849536538
S -1.181571841 -0.040793493 1.991513014
C -2.117819786 -1.278043032 -1.809461951
P -0.144478917 0.805916309 2.409899473
C 0.596168756 0.828194916 3.106716156
