20

S -0.288793266 -2.779134512 0.007576865
S -0.723374128 0.385489762 -0.578509629
P -0.755236924 -0.970164478 -1.366760373
S 0.329529762 2.932327509 0.029438620
C 1.720343232 2.773061037 1.567588210
Na 0.080229037 -4.457570076 1.564759374
Na -0.025080014 -4.122387409 0.249580950
Na 2.355868340 3.712375164 -0.151438981
S 0.134165123 1.552007437 -0.384876996
C -0.439936817 1.132127643 1.589290738
Na -1.339453936 -1.787129998 -2.091255665
C 0.662575901 1.660001397 -1.357528567
Na 0.572832942 -0.712656677 1.278854489
S 1.486533284 3.109099627 0.591188610
S -0.935451806 -2.216388226 -1.220718622
P 0.220021844 -1.893822074 0.827143788
C -1.661632180 0.849669993 -0.597504735
S -0.071585119 0.582472146 0.768796802
C -0.413486272 3.660770655 -0.010103410
C -0.908069015 -3.410149574 -0.715521634
