26

C -1.749824047 2.705439329 0.028408309
C 1.556903958 -1.814142942 1.939633727
C -0.017756620 -1.049857974 2.610824347
S 0.854020238 -1.185066223 -0.511742175
C 0.225347653 -3.532294035 0.514980853
C -2.011498213 -1.144255877 -0.284374267
C 0.596977651 -1.841309905 -1.414101362
C -2.574002266 1.407878518 -0.863821626
S 0.728086054 -1.023302317 1.791700482
C 0.052460711 0.392509818 -1.522810221
S -0.082441144 -1.476399302 0.627380729
S 0.825710177 0.468531311 -0.623705864
S -1.397441864 -0.760079384 0.491241753
C 1.934278488 -1.539031982 -0.357586682
C 1.332888126 -0.150756374 1.789317131
C 0.034382179 1.121147871 0.813765824
C 1.842583418 1.648387194 -2.080649376
S -0.405014962 -2.874342203 0.921594679
C -0.339233875 2.897800922 -2.314869165
P -1.992935300 2.022778511 -0.504020691
Na -1.948144674 -0.026410602 1.295619607
S 0.958774745 1.601474404 -1.457169175
S 0.400750041 2.782303333 -1.529256582
C 0.619648337 3.643976688 -0.949581921
C 1.684264660 0.775864005 -0.033029512
C -1.128783941 -3.050842285 1.622251034
