21

C -0.884690285 -2.139864683 -0.459694862
S 2.881725788 1.545472503 0.668981493
P 1.256507158 0.172073230 1.546753764
C 3.288035154 2.366383553 0.285526901
C 3.344052076 1.155310392 1.562138677
Na -1.380048752 -0.077296555 1.651435137
W -4.264292717 -3.538652420 -0.409316361
C -3.271010876 -0.465927780 0.809502900
S -3.033393383 -2.573930740 -0.193726793
C 3.010965109 1.645674467 -2.217018604
C -2.062241793 1.599742293 0.874313593
S 2.153876305 1.120674014 -1.788845181
C 1.506891012 0.665874898 -2.412331820
C -1.316720366 -1.470094562 -1.497404337
S -2.248975992 -0.655212641 0.566966951
S -1.871033192 -1.757691979 -0.357295573
S -1.551695108 0.667479038 0.558042228
S 2.075574398 1.071748137 -0.596148014
Na -0.901882708 0.866779923 -0.497951388
S 1.814825892 0.822887242 0.603782117
Na 1.453532457 -1.021428227 1.302289128
