22

C -0.796457827 -2.069933176 -2.259050369
S 1.682856560 0.011760204 2.747979403
S 1.507903337 -0.770534337 0.075358368
C -2.998769283 -1.330553412 -2.740429878
C 2.437117815 -1.399070382 0.084511057
C -1.646507382 1.847941160 0.016096622
C -4.188792229 -0.177851513 -1.175775290
S 1.372242928 0.594192624 0.375918686
S 0.447035700 1.807771087 0.743551612
Na 2.103512526 1.246592760 -0.459571898
S -0.683365941 -0.079976872 -0.479554027
C 1.084507942 -1.638320446 -1.161160350
C 1.642348289 0.551470339 3.579665184
Na -0.922425508 1.156382680 0.442496091
C 2.371506929 -1.391137004 2.331444263
Na -3.184878349 0.073881865 -1.386908293
C 0.272424817 2.863666296 0.295084417
S -1.003035665 -1.187530518 -1.596016765
S 1.802910089 -0.514787614 1.646858573
S 0.201796532 -0.934863389 -0.812940419
C 0.912434459 2.184965372 1.709206581
S -2.414366484 -0.844065666 -1.976763010
