24

C 0.363239020 -0.058605574 1.666950703
C 0.226421356 -2.738629818 1.672603011
S 1.117983818 -0.117270187 -0.433989137
P 0.444015503 4.272638321 -1.287229419
C -0.476668775 -1.916501284 -1.877163291
Na 0.503055394 2.906732559 -1.049732447
Na -3.072595596 0.111847810 0.420181185
C -2.498369455 2.521307230 -0.519559979
C 2.045005798 0.275062472 1.406856537
S 0.987333298 -2.609009743 0.942840934
S 0.829772472 -2.630137920 -0.504003644
P 1.851336241 -2.559091806 1.972531915
Na 2.192111492 -0.206388876 -1.140684962
C 1.075726748 -3.466069221 -1.161260962
S -1.724826097 1.766147733 -0.471337944
S -0.293954939 1.974254489 -0.606453300
P -1.077658772 -0.707967103 -0.573134720
C 1.753799677 -2.509654999 3.035222054
S 0.510369301 1.131792188 -0.252904177
P 0.112007201 -1.437676072 -1.006679058
C -0.271848679 4.763223648 -0.816185415
S 1.079871893 0.240128472 0.869781077
C -3.833530903 0.593804538 -0.032470368
S -1.842595816 0.400063306 -0.254178613
