24

S 0.387627900 -1.529410243 2.648260355
S 0.466821730 -1.752108574 1.264775991
Na 0.621427476 -0.541858137 0.354124188
S -2.053637505 1.832995892 -1.822255731
Fe 0.568141401 2.890816689 -0.588306069
C 3.719148159 -4.568564415 1.370561123
C -1.894598603 3.767253637 -2.799943209
C -0.552293003 -1.943948865 0.868443608
C -1.248532653 -0.337595344 -1.147043705
S -0.928634048 0.657447159 -1.474531531
C -2.762449265 1.812943816 -0.935056746
Na 3.308856487 -3.932820320 2.076211214
P -1.583450675 3.136373997 -2.002418995
C -0.502284348 -0.982629061 2.846331358
C 1.957199097 -3.006082773 0.102243617
S -0.423015028 0.271763504 -0.085925177
S 1.696468472 -2.643250227 1.083563566
P 2.465562344 -3.120064020 1.804875612
C -0.746236861 0.832666218 0.680955589
Na 1.156815410 -1.765581131 3.651266336
W 0.186690122 0.619880974 -2.738534451
C -2.638225079 1.529992580 -2.719909430
S -0.617773294 3.763339043 -1.279597282
Na -0.583628237 5.008439064 -1.158090591
