20

C -0.969798028 1.135657787 3.385214806
C 2.132765770 0.814764619 -1.280804157
S 0.522032380 -1.587560177 -1.138772488
S 0.486783087 0.350071073 0.467716962
Na -0.226223946 3.171832800 -0.412610173
P 1.534905553 -1.882863045 -1.775537491
C 1.078814030 0.748095930 1.249405384
Na -0.451038152 1.093360543 -0.146021873
C -2.307914257 0.705291569 2.262670994
C -1.038588405 -2.305181980 0.823613167
Na 1.311694980 1.426352382 -1.795982361
S 0.118199959 -0.857558489 -0.013074241
P -1.415294170 0.533583641 2.746238708
S -1.028908968 -1.185691357 0.843298793
C 1.906168222 -1.643105388 -2.589226246
C -0.367978811 -2.006794930 -1.510478497
Na 1.422932625 0.921425641 -3.021142006
Na -0.940821350 -0.678378105 2.266057014
S 0.147983044 1.996796250 -0.731301785
C -1.915713191 -0.750098407 0.370735139
