24

S -0.095486388 -0.648682237 -2.151065826
P 2.409978628 1.402391195 1.306287289
S 1.464685678 0.462074846 0.527127624
C -0.261961311 1.457522750 -0.613184273
Na -1.438551068 1.732972026 1.660202980
C -0.116979472 -0.175901651 3.050320148
C 0.882532001 -1.684769392 0.810288072
C 2.066225290 0.176862538 -0.321724981
C -2.818129301 0.832448304 -1.031549573
P 0.196494594 1.026983976 0.201025948
C -0.808979869 -0.636241734 -3.004259348
S 1.082439661 -0.813665926 1.414786458
S -1.379431963 -0.905087948 -1.414033413
C 1.888723612 -1.046527982 2.146893740
S 0.001889992 -0.141229510 2.005813837
C -1.451463103 -2.001866817 -1.508098006
C -1.550293088 -0.835133016 -0.239578292
C -3.289093018 -0.678690970 -1.947276592
C 0.644438386 0.129452020 -2.574764252
C 3.334437370 1.142989993 1.416234374
P -0.638023019 0.887239218 1.244638920
C 0.627361774 -1.266817689 -1.581694126
S -2.590554714 -0.095371336 -1.488138318
C 1.839739084 1.679049373 2.091747999
