24

Na 1.303862691 -2.578482628 1.093439460
C -2.326305628 -1.572863460 -0.264641523
S 0.349311948 3.126630783 -0.753650844
C -1.993895650 -2.860281229 -1.308899164
S -0.513400197 1.970414162 1.070946813
S 1.051402926 -1.881212711 -0.022682089
C 0.371502936 4.093917847 -0.360217988
S 0.595180333 2.132820606 0.286828160
C 1.657598019 -2.235093832 -0.938776910
C 1.335418940 -3.411720037 1.274577379
S 1.317333460 -0.465430677 0.187245920
P -0.283759177 -2.233546972 -0.272059292
S -0.535792291 0.341243297 -0.753342688
C -1.378631115 0.941424847 -1.227636218
S 0.239644572 0.530775309 0.474492699
Na -0.451742917 -0.241047218 -1.740699053
C 1.633844495 2.225739717 0.606636345
C 0.105126560 3.085443735 -1.823152781
C 0.173663452 -0.018220013 1.536852360
C -0.527303934 2.062121630 2.165426731
C -1.433392048 2.462743998 0.697798252
C -1.343679786 -3.103207350 0.450769663
C 2.241962671 -0.000720384 0.042118408
S -1.587950230 -2.371449471 -0.421373457
