23

C -1.659649611 -2.658392191 3.858384848
C -0.145858303 2.997282028 -2.816370726
S -0.326804787 1.194206357 -2.041628361
S 0.426872402 0.754259050 -0.693631172
S 0.257312059 2.186453342 -2.389864683
S -1.138380527 -1.806485534 2.046480179
S -0.970671177 -2.708355188 3.016778946
S -0.964900315 -1.046865463 -0.082145102
C -0.482854992 -1.664121747 -0.956455529
S 1.318529129 1.043748379 0.624879837
As 1.742188096 2.434707165 -1.721853733
C 2.802387953 0.689051986 -0.974279404
C -1.804743767 -1.263646126 -0.640586615
S 1.873849988 1.156443119 -0.897156239
Na -1.369002700 0.847250640 -2.845231056
Na -2.188934326 -1.911410213 0.273867100
P -2.505485773 -1.790538311 1.558163285
Na 2.681449890 3.277397871 -2.315350771
C 1.355249286 2.118036032 0.990968883
C -0.306902975 -3.582190752 3.001799107
Na -0.582717955 -0.717591405 1.168917418
Na 2.010772943 0.410663635 1.515283942
P -0.021705212 0.040098410 0.319029450
