20

Na 0.819883287 2.110137463 -1.664564967
C 0.905076206 -1.952131391 0.542186022
C -1.511157393 -1.446562052 -1.058103204
Na 1.427495718 -0.433196217 2.760921001
C -0.040842663 0.765562534 2.077437639
Na -0.432632267 -2.535551786 2.433125496
S -1.536908746 -0.333304405 -1.015841961
C -2.407024145 -0.159415141 -0.438337117
C -1.764112234 -0.027328944 -2.004361153
C 1.326659441 2.956489325 -1.824298024
Na -0.868212938 1.537483215 -0.019417332
C 1.616665363 -0.427974194 -0.752699435
S 0.396563113 -1.022894859 0.756528080
Na -0.044233132 1.760636687 -0.699508488
Na -0.773853183 -1.689586878 1.515162110
S 0.786892533 0.091000490 1.680138469
S 0.476317286 -0.217107609 -0.804880440
S -0.469939709 0.576500058 -0.611929893
C 1.505492330 0.788519382 1.149124265
C 0.587870896 -0.341275424 -2.020681143
