26

C -0.082513086 -3.454116821 3.618639946
S 0.602459431 -0.321915716 -0.763284922
S 0.578359962 -2.016548872 1.885660172
Na 1.454031944 -2.025079250 3.464115143
S -1.272334337 2.167206049 -2.382838964
C 0.260635853 1.418351412 -0.332342893
C -2.698385954 1.182302594 -0.634651542
C 1.554951191 -0.299658209 -1.269632816
C -1.329653263 -0.291598171 -1.199704885
P 0.431865990 -2.868806601 2.928860903
S -0.360688925 0.910404861 -2.509826660
S -0.344455004 0.176318362 -3.458800793
S 0.687733769 0.529576302 1.728486538
C 1.496824265 1.178428411 1.857670307
C -0.528951228 -0.567386687 -3.966886282
S -1.608393669 1.524308205 -0.942531705
Na -1.617832899 2.207984447 -3.673666477
S 2.044407368 -1.293545246 2.612709999
S 0.904372334 -0.862342119 1.620589852
C -0.258753926 0.998015523 1.862954736
S -0.463186592 0.607358694 -1.090689778
C -1.727715015 2.414245367 -0.244632199
S 0.493203312 -1.317485452 0.354632974
C -1.392700076 3.338590384 -2.167258501
C 3.098379850 -1.052853823 2.600252151
C 0.078338735 -2.281753302 0.102175370
