22

S -0.128516078 -2.364925861 -0.304345220
S 0.204445809 0.867206991 0.407401741
S 0.133209974 2.258956909 0.584817827
C -2.100836515 -1.948663235 -1.528137803
S 0.870972812 -0.367727697 0.959378660
C -0.486866891 4.236107826 0.577924192
C 0.589582860 -0.805547476 -1.617382646
C -0.600458503 -3.086719513 0.466877282
C 1.629922152 -2.316667557 0.965649247
S 0.884050608 -1.666105032 0.595621169
C 1.350390792 -0.027658921 1.837494373
S 1.380461216 1.898841023 0.204813242
P -1.148068070 0.296052426 0.142945364
C -1.660460711 0.743834615 1.150718927
C -2.224412441 0.278048933 -0.292566955
Na -0.552632451 3.311411619 0.942048609
S -1.252515316 -1.888886452 -1.039797306
C 2.355404139 1.464968562 0.380605608
C 0.454348058 -3.015604496 -1.017447710
C -0.855926096 -0.040263757 -1.980852365
S -0.512553453 -0.688084662 -1.127971530
C 1.670457959 2.861425400 -0.307795078
