22

S -1.265051246 0.031442426 -1.617621660
Na 1.301442862 -2.361384630 -2.972222567
P -1.261698961 0.864808917 1.088516951
S -1.227603436 0.319986939 -0.198970154
P 1.533777952 -1.490863442 -0.140537083
C -0.391734332 1.874108434 2.936462879
S -0.245752037 -0.947263062 -1.838529825
S -1.404501081 1.533643961 2.157270432
Na 2.279558659 0.272266269 1.620006919
S -0.084805243 0.247303262 0.692825556
C 1.669043303 1.695299387 3.455558777
C 1.950490475 -2.750177860 -2.312320232
S 0.635098755 -0.797547758 0.080431394
C -2.053096294 1.447434425 -2.785595655
C 2.071008682 -2.064673185 0.342881292
Na 0.467280418 -1.306239128 -2.979841471
P 0.213286668 -1.474086523 -0.746343851
S 0.859632492 1.466943979 2.771197081
C -2.327261925 1.928002477 2.473516941
S 1.039092422 0.684484363 1.713908672
Na -1.511508465 0.669304788 -2.858446836
C -2.246698856 0.157205716 -0.882146776
