26

S 0.278769314 -1.655114412 1.354442120
S 0.628449261 -0.609890461 0.148247644
Na 0.103337742 -2.890810013 0.963650525
Na -1.069079161 -2.402956247 -1.675369143
P 1.680880785 1.779558420 -0.780429959
C 2.240620613 2.386456728 -1.376588225
C -1.631505966 -0.120350204 -2.366277695
Na 0.033535335 2.791849375 2.906614542
C -0.333582819 -0.913605273 1.942347288
Na -3.327945709 -2.567035437 -1.097458124
S 0.396189630 2.155957937 0.779977500
Na -0.157449514 0.076389916 -1.580003619
S 1.905042529 1.936309576 0.490540087
C -2.777564049 -1.875215530 -2.706049681
Na -0.194164202 1.847256899 2.080420971
S -0.402885675 -0.151392594 -0.614221454
S -1.203506827 -0.884439528 -1.649353504
Na -0.105066381 3.312716007 0.307850599
C 2.921437740 1.513086081 0.538835227
C 1.658574820 -0.923877120 0.021792132
C -1.012814283 -2.457473278 0.992830276
C 1.248522639 -1.695699215 1.998107672
C -1.429719329 -0.177074060 -0.009265887
S -2.268614054 -2.070491076 -1.801163435
C 2.130810499 2.649210930 1.375781536
S 0.687726498 0.946633339 -0.245257944
