21

Na 0.253224790 -1.093516350 -2.386356592
S 1.593408227 0.481904209 -1.188390851
C 0.578547835 -1.527537584 -0.168860361
Na -1.103422999 -1.184397101 2.749760866
S -0.912764907 0.115555950 0.591604948
C 1.581974268 1.098827839 -2.123341322
C 1.210394382 0.964301109 1.565906525
C 2.122614622 -0.906572104 -1.489621520
C -2.230784416 0.493865550 2.464982271
C -1.734139681 0.779918849 0.109981857
C -2.769703388 -0.762080014 1.359455943
C -0.221151441 1.866842628 1.676092148
S -1.793612242 -0.341624469 1.842530370
S -0.456301719 -1.105254054 0.074416056
S 0.956826150 -0.786873043 -1.101527333
C 0.797968626 -0.912023008 -3.220883131
C -1.178902149 -1.846281886 -0.021144230
C 2.619223118 0.774305761 -0.731713057
C 0.036335956 1.812745810 -0.798731744
S 0.234924421 1.090537548 1.064743638
S 0.415340930 0.987354100 -0.268904388
