21

C 1.297069430 -1.562304974 1.586592197
C 1.886016130 0.020181116 -0.468914866
S 0.431532294 2.469505548 -0.468401790
S 1.231087446 0.324584186 -1.274911523
S -0.395224154 -1.404155493 0.376873910
C 0.670379937 -0.461423457 -1.730740428
C -0.271757126 -1.690849185 2.294669390
S -0.844905317 0.106323116 0.237486646
S 0.304428339 -2.026420355 1.422690272
C -0.648628056 0.454293042 1.297593355
S -0.034761082 1.006891847 -0.535533190
C -2.406415939 0.851941407 -0.948577702
C -2.017825127 -2.013671875 0.308068693
Na -1.512229204 -1.183876276 0.088668942
C 0.053013943 2.700076580 -1.465740919
C 1.559380293 2.622855902 -0.422074437
C 0.195113704 -3.134516478 1.605361581
Na -0.041636888 3.260195971 0.559583008
C 0.313771904 -2.244837523 -0.076844886
Na -1.644245386 1.066605687 -0.353518605
C 1.875833988 0.838601112 -2.032330275
