20

P -0.664834023 -0.168947518 -0.382310510
C 2.665720224 -0.704340994 -1.586147904
C 0.551230311 1.988746405 -0.328292847
C 1.996449709 1.942522645 -2.569745302
Na 2.408319712 1.202318788 -1.992720962
S -2.246873140 -0.976189196 0.957497180
S 1.159450293 1.101753235 0.427606612
C -1.340558290 0.051237695 -1.166419268
S 2.241842747 0.182301551 -1.213670969
C -0.828879595 1.329478502 1.090099812
Na 1.857755899 1.581275225 1.360314608
S 1.839487195 -0.060534701 0.033129614
S -0.161406219 0.968223691 0.354112029
C -0.433840781 -2.211485147 0.039891142
C 1.897241473 -0.918493629 0.568166673
C -2.673529863 0.078513242 0.738112152
S -1.051016927 -1.339795113 0.130464494
C -3.182484388 -1.071925044 1.635321379
C -1.592768073 -1.189630628 1.884565830
C -2.441306114 -1.785028815 0.020025998
