21

C 0.876893640 1.859642386 -2.548799753
Na -1.948341489 -1.137205362 1.484204292
C 0.044958416 2.837696552 -0.109134026
S -0.226360157 -1.328428030 -0.646643400
C -1.106871009 -2.816311598 0.600658238
C -0.048739649 1.599005461 1.981093049
S 0.570671678 0.896567464 1.522610188
C -0.040396027 -1.959373713 -1.530074716
S 0.854427755 0.928346217 -1.779199719
C -2.383512735 -1.775355101 -0.338482857
C 1.839086175 -0.686299264 -0.437047035
S 0.778621912 -0.272303015 -0.579633415
C -0.377690405 -1.247731090 2.571717739
Na -1.355213881 -0.842244327 2.555106640
S 0.395119816 0.213524982 0.483898520
S -1.412929535 -1.815123677 0.199410662
C 1.528555274 1.575601816 -1.001293302
C 1.403734326 0.130373418 -2.385779381
C 1.510666609 0.679238260 1.990556717
C -0.627809763 2.357460499 -0.096560061
C -0.274870992 0.802918553 -1.936608195
