21

Fe 0.943996072 1.961101413 2.852677822
S -0.550992489 0.115036882 -0.240115464
S -1.018364787 -1.238798499 -1.370535254
C -0.556368351 -0.879761994 2.116257429
P 0.359097242 -0.739902616 2.614357233
C -1.671597362 1.142269254 -2.539047956
C 0.765408456 1.208968759 -2.138195992
C 0.998708248 -1.057289600 0.160096869
C -0.580500066 1.007808685 0.592640102
Na 2.529207230 0.135419652 2.338174820
Na -2.006081104 1.515118003 -1.876055121
S 0.578670800 1.119913936 -1.120317578
Na -2.272323370 -1.464448690 -1.695849538
C 1.776636481 -0.246486112 -0.853887081
S 0.747734904 -0.133563861 -0.470786542
C -1.598371148 -0.107741706 0.212639123
C 0.628146350 2.094219446 -0.697936952
C -0.484028757 -1.000950813 -2.340782642
S 1.308564305 0.384357065 2.525252342
C 0.735491693 -1.702111721 2.741933584
C -0.633034468 -2.113157272 -0.810519576
