26

C 3.493968964 -0.508881509 -1.659020424
S -0.127412885 2.026682377 0.138178080
C -0.978812337 1.989966035 -0.527861059
S 0.624699533 -2.291372776 -2.054658651
S 2.292740822 0.326628238 -0.186048254
P 2.005242825 -2.059273958 -1.483072400
C -2.299634933 1.877006292 1.650961876
C -3.020212650 0.369524270 2.491908550
C -0.062123459 4.182156563 -0.146613032
S 2.592568636 -0.713503242 -1.042124510
S -2.254212618 0.771014988 1.781577945
S -0.015894009 3.412825108 0.609390914
S -0.025999747 -1.411148787 -0.276442736
S -0.518901467 -1.769180298 -1.544884443
C 2.759115219 -2.793627739 -1.233547926
Na -1.687156320 -1.567156792 -2.061222792
C 3.195147753 0.885422707 0.154314101
C -2.183011770 -0.492265254 0.354869723
C 0.411409140 -2.825068712 -3.021615982
S -1.473026752 -0.201350257 1.163520336
S -0.060652670 -0.078115806 0.305102229
C -1.055835605 -0.966225326 1.881054282
C 0.312080920 -2.237506390 0.351943761
C 0.175047070 3.931172848 1.584633708
S 0.837526560 0.841241181 0.200668871
C -2.936660290 -0.698963404 2.568988323
