22

S 2.201317072 1.205786943 -0.674678624
C -1.205989480 0.262189001 -1.426840425
C 2.310079575 1.988411307 -1.323996305
P -2.618572235 2.069380283 1.912966847
Na 1.962520599 -2.056606054 -0.694409251
P -2.013040781 -0.214134663 0.688321590
S -0.322089583 1.257129669 1.267885685
S -1.492287040 -2.481236696 -0.544690907
C -2.460238934 -2.402762890 -0.756049097
Na -2.394363642 3.155156374 2.502941608
C 1.849913359 1.608265638 1.146918893
C -0.876665771 -3.320801973 -0.755639017
C 3.016785145 0.569271445 -0.861551285
S 1.237513781 1.190842390 0.366225660
C 1.649083972 -0.509425938 -2.232773304
P -1.303007007 -1.199775815 0.020499760
S -0.985749722 -0.091415644 -0.415636510
C -0.108112358 1.749018431 2.267007113
S 0.054063745 0.652606487 0.156778634
S -1.717083812 1.078900337 1.321073532
Na 1.533470631 -1.288739085 -1.675840259
Na 1.682452202 -3.222060442 -0.288514942
