21

Na -0.748118758 -0.469573170 -1.127727270
S -0.903245389 1.346945643 0.167136535
C -0.536771834 1.914904237 1.074948788
Na 3.198590040 -2.612978697 -0.524713933
S -1.682496309 2.287765980 -0.929702401
C 0.200457975 -0.223032475 2.003494978
P 0.522556365 -0.553277850 1.099460125
S 0.003096089 0.148354724 -0.128290400
C -1.876835108 3.387174129 -1.278241754
C 0.271484822 -2.490102530 -0.091211095
Na 2.047743320 -2.659532309 -0.846524417
C -2.698634624 2.307504892 -0.366339684
C 0.977262199 0.372239232 -0.673585534
C -1.864298105 1.808285713 -1.930229425
S 1.245324373 -2.212081432 0.127445102
C -0.444234371 2.375708818 -0.724381447
C -1.722869873 0.634646595 0.611672044
C -1.722950220 -0.440056503 -1.229303241
C 1.808543444 -2.507982016 1.776652217
S 1.564034939 -1.487437010 1.254032850
C 2.361361265 -0.927476704 1.735407948
