23

C -1.181846619 -2.167126179 -1.949921012
S -0.864288867 0.938736618 1.733026266
Na 2.240691185 -0.072360344 0.880971193
P -0.383489996 -0.085826471 2.190815210
C 2.395308256 0.616869807 -0.677024961
C -1.859080076 1.257343292 2.098310947
S 0.073491871 2.081212282 1.581397414
S 1.680976868 -0.093241654 -0.195452154
P 0.659349024 -0.485003680 -2.285697460
S -1.059018970 -0.611080587 -0.433868229
C 0.240477636 -0.107613757 -3.115063429
S -0.782760203 -0.094154127 0.888489068
C 0.729923129 -2.476347446 -0.382757753
S 0.471517473 -0.638672352 -0.804071009
C 0.275093436 0.189210907 2.972799063
C 1.137944579 2.144014120 1.803108215
S -1.479204535 -1.180583119 -1.612096906
Na 1.157871246 -1.699841380 -0.352321118
C -0.044655766 2.257011890 0.477691531
C -0.323114187 2.748497486 2.386296749
C -2.075983763 -0.705997705 -2.363559008
C -2.183861971 -0.476825267 -0.214299083
C 1.174659848 -1.338221550 -2.626774073
