20

S -1.874575734 -1.454653263 -0.026456349
Na 3.019559622 3.174741268 0.646128297
S -0.717014074 0.474267423 -1.447509408
C 1.108121991 3.328798532 1.300696611
P -0.059863091 0.676047504 -0.761621833
C -2.767736435 -3.312902451 -0.045408823
C 1.310274124 -0.605150521 -0.694379270
Na -2.986296177 -2.366075993 0.091798075
C -0.609160483 -2.676431894 1.107684612
S -0.863927424 -2.313406706 0.167114720
C 1.693027854 -0.404794335 1.654739261
S -1.339787841 -0.229164004 -0.600722313
C -0.599088013 0.730988681 -2.435169935
C -0.288345963 -2.637047529 -0.629393041
C 1.323489308 3.198229790 -0.465954393
C -2.282384396 -0.444031119 0.220443681
S 1.023074150 0.255482256 -0.162591740
S 1.588750720 1.401400447 0.555438101
S 1.589784265 0.345147938 1.046580791
S 1.732097864 2.858554125 0.478582650
