25

S 0.086764283 2.411132574 -1.994893670
Na -0.550781488 3.113282442 -3.191116810
S 0.170626879 -2.668624878 0.613359332
S 0.014831769 -0.021256953 -0.876678526
C -1.000149488 3.522499084 0.821627915
S 0.123302892 -1.953674912 1.614620686
S -0.177243248 0.068337642 0.516272128
S 0.133746117 -0.665275514 -1.840202689
S 0.422570139 -1.763252974 -2.176028967
C 1.349701762 -3.518354654 2.377011061
S 0.690914512 -2.710974455 2.669105291
C -0.272273391 0.925121367 1.209613800
S -0.453165680 -0.652217448 1.485279083
C 0.783482909 -3.153591871 4.772825718
C -1.282084942 -0.694305837 2.146981955
P -0.330551147 3.127914429 0.179658160
C -1.062314868 0.872259855 -2.601120472
C 1.142749190 2.779209614 -2.241594076
S -0.068608321 2.540934563 -0.902685702
C 0.335900605 -3.546697617 0.259686798
C -1.523554087 3.291238785 -2.993453741
Na 0.463244975 -2.629047632 3.971396923
S -0.309051305 0.884661794 -1.820599079
C 0.748836517 3.175165176 0.403165370
C 0.563104868 -2.734482765 -2.402231693
