21

C 0.499228835 3.158472300 -0.208186969
C -0.284045368 0.888017297 1.738634109
S -0.529397190 -0.702559769 -0.252820790
S 0.823571742 2.684767485 1.824280262
Na 1.037013292 -1.646633029 -1.884635687
C -0.913897574 2.844809532 0.927005529
C -1.209943771 1.135074615 -0.673927724
P 0.255638212 2.752059937 0.699224293
S -0.333942950 -1.897035599 -1.200753570
C -1.135932326 -2.701536417 -1.779309154
W -0.134632781 -3.467754602 1.469538093
C -1.111939073 -0.979190946 0.585625470
Na 0.563805938 -4.191780567 -0.832277179
C 0.415781319 2.818612099 2.814752102
S -0.251995087 0.705897808 -0.294968307
S -0.031415693 1.583629131 0.910710216
C 0.570450604 0.846568525 -1.070972323
C -1.242367029 -1.307598352 -1.774937630
C 1.883365750 2.911042452 1.924871922
S 0.089965127 -3.114688873 -0.302898318
C 1.040687323 -2.320173264 -2.618954182
