23

S -0.947917283 0.924332798 -0.205196545
Na -1.650759697 0.788805604 2.149455786
C -1.074182153 2.053526163 -0.231743872
Na -3.326190948 1.380624413 -0.921154559
S 1.388544798 -0.927846670 1.464923620
Na 0.806323230 0.134708866 1.840147138
Na 2.929080963 -2.241915941 0.965613961
S 2.654397488 -1.055741429 0.732933044
C 0.116337404 1.902620435 1.538432598
Na -2.361141920 0.556395710 -0.641866982
S -0.081466377 -0.067073703 -1.190345168
C 0.547000051 0.927111387 -1.027234077
C -3.347332716 -0.943024457 -1.662063599
Na 3.453063965 -1.061009169 -1.431376100
S -0.441332310 1.022278666 1.300184727
C 0.756074905 -1.736973286 1.822568774
S -2.395343065 -0.425719678 -1.710455298
Na 2.625113964 -0.589581251 -0.700669706
C 0.841613412 -0.420599341 -1.865061164
C 3.526341438 -0.415688157 1.034376502
Na -1.278860688 -0.456018865 -2.380354166
Na -2.561232805 1.715505481 1.824547052
C -0.178131506 -1.064718008 -0.705661893
