20

S 1.427089691 -0.835147977 1.603074551
C -0.732868373 -1.916981339 0.839247048
C -0.440443158 2.638351440 -1.196928620
C -1.083619356 -0.239870518 -1.953723669
C 1.578663826 -1.912253022 1.887833238
C -2.673438549 0.030341603 0.208831996
C 1.353327513 -0.252183974 2.562157393
S -0.491761357 0.074923076 -0.247567475
S -0.112407550 -1.013010383 1.104171515
S 0.995680690 0.408206165 -0.789887905
C -0.632416189 -0.900816262 2.089510679
Na -1.058583140 2.039673805 -1.598293781
C 1.695589304 1.190766335 -0.457879424
C 1.461736798 -1.062155366 -0.582969844
S 0.692598224 -0.513481915 0.155315787
S -1.410421848 0.645174503 -1.243369222
C 2.425267696 -0.435649991 1.323890567
Na -1.728088260 0.382176965 0.096131548
C -2.272059441 1.022171140 -1.919297695
C 1.006153584 0.649765432 -1.880246043
