25

Na 1.693841100 -1.848895907 -1.563343406
Na 1.399346709 0.760886133 2.930991411
C 3.074208021 -0.976837814 2.475344181
As -0.014417118 -0.049497996 -3.110469103
S -1.959998369 0.161885217 -1.004286170
Na 1.834048390 -1.191897631 -3.773447275
C -4.002884388 0.694701374 -0.882436991
S -3.065771818 1.083688259 -1.176014900
Na -2.081657410 1.942906141 0.688467443
C -1.437738657 2.304244757 0.071626067
C 0.295261979 0.609514236 2.239552736
C 0.272906035 -2.212765455 -0.244213909
S -0.560977161 0.317174762 -0.411207139
S 0.618294656 0.462857753 0.817411661
C 2.716754436 -0.341390669 3.794036388
C -3.129459620 1.936474442 -1.815100431
P 1.239600420 -1.703917265 -0.198561251
S 0.041434694 -0.212112591 -1.674805045
C -2.136331320 -0.796297014 -1.501470447
C 1.281620622 -1.350844860 2.932718992
C 0.926824272 1.471089363 0.630621493
S -1.768168926 1.215375304 -0.275821149
S 1.113027692 -1.011751175 -2.593580723
S 2.029642820 -0.600609422 2.780618191
P 1.620593309 -0.663979530 0.863370657
