22

C -0.375612319 2.854440928 -0.872500122
C -2.512055635 -1.532278538 0.532071471
C -3.630237103 -0.320049107 1.080609798
C 2.750910282 0.889285028 -1.416081190
S 0.852261126 -0.928875089 -0.122109719
C 0.017762411 -0.257855862 1.917439938
S -1.223033667 -0.367721438 1.450947285
C 0.306641906 0.936714947 -1.410830021
C -1.816401720 -0.416617602 2.383033514
S -2.549132347 -0.455298871 0.780814230
S 1.412782669 -1.532734632 -1.365608454
C 1.025721908 1.735728383 0.333162129
Na 3.213801146 0.469095439 -1.099160910
C -0.558614254 2.545839548 0.725797713
C 2.358912706 -1.383647203 -1.785494089
C 0.949553967 -2.294363260 -1.910131335
C -2.555092335 0.389003158 0.012867983
S -0.099718779 -0.238638997 0.609667599
C 0.301581085 -1.954204440 0.129581034
C 1.850984812 -0.987176597 0.442436218
S -0.038512230 2.135065317 -0.099122733
S 0.317495883 0.714289308 -0.317390233
