22

Na -2.855736971 1.121744514 0.023158597
P 0.776866138 -0.991043508 0.671604216
P -0.004168807 0.166194975 -2.799543619
Na 1.252108693 1.469884634 2.421543121
C 1.608391643 -1.002742529 1.140655398
S 0.832179785 0.531687498 3.394612074
C -2.377932310 0.544344544 -1.864288092
Na -0.011933227 1.290446758 -2.957980633
Na -0.736039937 0.970830321 -0.240347490
Na 1.282080770 -2.433606625 -1.040350914
S 0.906390548 -0.996200144 -0.783185661
C -1.177414060 -0.867101312 0.508351922
Na 0.799615681 2.270030975 1.687988043
Na 0.966577828 -0.733640909 3.439485312
S -0.122655220 -0.771725118 -1.891511559
C 0.374222606 0.984043062 4.231348991
S -0.308191776 -0.397153467 0.151735246
C -0.914207697 -1.514433503 -1.965721011
C 1.723016739 -0.311905801 -1.104864597
C 2.031221151 -2.738338470 -0.513049841
C -2.015926123 2.210204840 -1.521677732
S -2.028465748 1.198479056 -0.987962604
