21

C 0.372849822 -1.422389507 -0.727428138
W 1.107070923 2.375153065 2.121276855
C -1.490313172 -1.779088140 0.823359311
C -3.641727924 0.340412468 -0.268758327
C -1.199991703 1.202747345 0.784981668
S -0.798134387 0.254985780 0.276453614
S 0.602244139 0.494992107 0.254956245
C 0.453732312 0.458261341 -1.766963482
P 2.678293943 -0.276335716 -1.778115630
S -3.231170654 -0.726127803 -0.102653034
Na -3.491065502 -1.219985008 -1.483032107
S -1.862115383 -0.853178978 0.373865515
Fe 2.922967434 -0.410172075 -0.890956461
S 0.061470024 -0.278488696 -0.927236080
C 3.886294603 -1.445464015 -0.821696639
Na 1.447607517 2.202054977 3.579476118
S 1.296480536 1.294145346 0.999571383
C 3.146772861 0.973492265 0.189753786
C -0.574736595 -0.585259199 -1.849860430
P 2.074212790 0.729849160 0.370525956
Na -3.760741711 -1.329605103 0.842479765
