25

C -3.886661291 0.600616157 -0.903287530
Na -0.988981426 -0.645306885 -1.403623939
C 0.594657779 -1.429652691 0.354857087
S -1.717594147 -0.311656177 -0.297176361
S -0.198477536 0.117103644 -0.864684761
C -2.488971949 -1.249032974 0.087962128
C 3.340256453 -1.195672631 0.434416205
S 2.059978008 -0.128968298 1.835854650
C -3.178131342 -0.335317969 -2.115240574
P 3.060787678 -1.084081531 1.262922645
C -2.503319740 1.346326828 -1.838482738
P 0.725461006 0.048532389 1.340604544
C 2.259653091 0.833983243 2.214733839
C 0.009647992 0.319613695 1.997822523
C -1.921403050 0.498088956 0.411961555
S 2.739936113 -1.185971260 2.346860647
S -2.903221607 0.443765551 -1.393258095
C 0.981748164 0.326210976 -2.153372526
C 0.115039766 1.724422693 -2.346316099
P 0.581729472 -0.412216991 0.138115495
C 2.886786699 -1.659881949 3.204910994
C -0.058396395 1.955739617 -0.585371614
C -1.604359150 -1.293711185 0.726137698
S 0.525512218 1.182188511 -1.411344409
C 1.568323255 1.534878373 -1.045001507
