20

P 1.118422031 0.604643226 0.302678406
S 0.280895352 0.006039259 -0.149972901
C -1.345365286 -0.865518630 -1.244926214
C -0.039209884 2.266194820 0.276209116
P -0.458466828 -0.853153288 -0.731941521
Na 0.368158638 -1.456755400 1.951608062
S 0.957386732 -0.627550423 -1.792657495
C 1.867383361 -0.011344024 -1.835052848
Na -1.977855325 1.719493628 2.647899151
Na 0.367742002 1.648450255 2.140327692
Fe -0.498897731 -2.473874331 1.501307130
C -1.968835592 0.061596874 1.632736206
S -1.607493281 1.112998009 1.473969817
S 0.755544722 -1.562185168 -1.099435568
Na 2.269690275 0.720321536 0.762490094
C -2.174655199 1.527606368 0.620646000
Na 0.457425684 -0.787864447 -2.995172739
C 1.257138729 -2.408983469 -0.893833876
S -0.020258011 1.323667765 0.934161425
C 0.391249448 0.056216791 -3.501040220
