24

Na -0.318203300 -0.404824108 2.278992891
Na -0.642297983 0.962444842 -0.886269808
S -0.546105444 -0.090899862 -0.044844467
C -1.118046165 -0.263292044 -3.508456230
Fe 2.143730164 -0.159518361 3.516077757
S -1.628196478 -1.035652041 0.123858362
C 2.735401630 0.085575365 1.346092343
C -1.186671734 1.644581556 -1.229878664
C 1.307072639 1.720380425 0.262178659
Na 1.920561314 1.214797258 3.663498878
C -0.144968808 2.099222660 1.171611547
S -0.155837357 0.092702001 -1.677323937
Na 0.945993245 -0.827757418 -1.687983632
S 1.907578468 -0.487543613 1.724407911
S -1.304653287 -0.089118063 -2.542453289
S 0.405065924 0.068430655 1.291514993
C -1.045478463 -1.997762799 0.048264209
C 0.605924666 -1.590595722 -2.061073780
C 0.527502656 0.693021357 -2.343213558
C -2.665648460 -1.496272206 0.009468554
C -2.199574232 -0.052233241 0.449273139
S 0.563129663 1.406697392 0.875443578
C -2.318537235 0.045729194 -2.414476395
C 2.212258339 -1.538113356 1.635290742
