21

C -1.439685464 -0.227266520 -0.823590398
Na 0.095243953 2.833617210 -0.251736045
C -2.630744457 1.978384018 0.412501246
C 1.611058474 -3.233382463 -0.492381513
C 1.003862739 -1.316658616 2.728081942
S -0.467238903 -0.509751499 1.055034280
S -1.286463976 0.448751897 0.095719010
P -0.331384152 1.742523074 0.339905888
C -0.214761123 1.819112420 1.437913656
P 1.709976077 -2.222802162 -0.537392080
C 2.679271221 -2.099692106 -1.053107142
C -0.548292935 -0.782536089 3.086280584
C -0.499432236 1.368013978 -2.113264561
Na -2.511797905 1.223066211 -0.237563655
C -1.494524956 -0.182041824 1.185074806
P 1.043919325 -0.174518302 -1.737554193
S 0.111402154 -0.919491887 2.159463167
S 0.590826571 -1.179061890 0.541996181
C 0.996091306 1.612689734 -2.914075613
S 0.472033441 0.950693667 -2.185851812
S 1.110640287 -1.129649401 -0.695454240
