20

C -1.793501019 -2.876686573 -2.013863802
P -0.175592378 -1.520006299 -1.029150248
C -2.683549881 -0.089841723 1.012533665
C 0.654281139 -1.519941807 -1.695778012
S 1.118383288 2.053813934 2.155663490
S -2.231818676 -1.626367927 -0.361087650
S 1.572426200 0.462886095 -0.471625000
S -0.486816913 -0.607576311 0.054958198
Na 1.401836634 1.250002146 -2.710049629
C -3.304444790 -1.886864901 -0.402024031
Na 2.629114389 2.575278759 -1.111921549
C 2.149425030 -0.433518261 -0.379407406
Na -1.492763519 -0.855161905 2.153149605
S -1.714281678 -0.706779957 0.832820356
S 0.598202884 1.227906227 1.455922484
S 1.900272846 1.459716678 -1.459980965
C 0.926921427 2.278560877 3.205530405
S -1.520029783 -2.113801956 -1.273529291
S 0.533274293 0.398036808 0.401519150
C 1.918661237 2.530346632 1.636320710
