23

S -1.814379454 1.044967890 1.148045063
C 1.137619853 2.856972218 2.538843155
C -1.147815943 0.447875619 -2.347784042
C 0.587102056 -3.672534704 -1.091756463
S -0.266971976 -0.140012488 -2.378668785
S -0.380465329 1.332761168 0.940537751
S 0.402475029 -2.993398190 -2.004376173
C 0.395163149 2.169932365 0.660127163
C -0.515738249 2.503835678 2.719177961
C 2.036190271 0.800762117 2.123981476
S 1.156015158 1.035558939 2.651388645
S 0.441364616 -0.161797568 -1.146004200
C 1.000620246 0.491394252 3.578810453
S -0.052287761 -1.626435161 -1.517711759
C 0.224042609 -0.195750743 -3.295982599
C -2.397750378 1.695323467 1.800627470
C -0.342136532 -2.901596546 -2.867449045
Na -0.209376603 0.305644780 0.087737836
Na -1.117426872 -1.939223409 -0.863265157
S 0.350686431 2.049658537 2.224966526
Na 1.731415272 0.388814956 -1.223443627
Na 1.433062077 -3.658371687 -2.467398167
Na -2.651407480 0.165618137 0.729596972
