20

C -0.556770563 -2.018160582 0.111253805
C -0.383228213 -1.078884959 2.840657711
C 0.267576218 1.515089393 -3.873461962
C 2.277680635 -0.078341678 0.990345478
S 0.459469676 0.563242733 -3.383553028
S 0.277200758 -0.092932031 0.541251779
C -0.428061992 -0.852678180 -2.183976412
C -0.754936874 0.634932816 0.662846684
S -1.139368415 0.746057153 1.939134240
P 1.482222199 0.473544240 0.625548899
S -0.083023012 0.114264973 -2.285504103
C -0.123831578 0.918078184 -1.666350484
C 1.812263131 1.457549334 0.670664787
C 1.116889358 -1.883721709 -0.016653731
C -2.141113997 1.190522075 2.137535334
C -0.403519362 1.446298242 2.317616224
S 0.227602527 -1.343159437 0.197984010
S -1.143610358 -0.572270691 2.334388018
C 1.110643268 -0.036577355 -3.941152811
C -1.874083519 -1.102852583 1.981426239
