22

C 1.735162854 2.941934586 -0.085310504
C 0.628406942 1.787042618 2.178783655
S -0.253629386 -3.464083672 0.102651648
S -0.479088694 -1.282863379 -1.225291371
S -0.265916556 3.286435127 -0.000748708
S 0.476600587 1.020486712 0.107436143
S 0.332803190 -0.378695577 -0.453183860
C -0.566062331 -2.057780266 -1.996373415
Na -0.177740023 -4.118538380 1.218570828
S 0.072286397 1.565713167 1.314183593
S -0.068547994 -1.835082293 -0.198892847
S -0.054117665 -0.136589408 1.001768112
C -0.394121200 4.273575783 -0.477180302
C 0.471117109 -0.582911074 1.846376538
C -1.216665983 -0.577565849 -1.537107706
S 0.789406180 2.484701872 -0.488258153
C 1.020977974 -0.170156002 -1.311169505
C 0.852292836 2.384507418 -1.563724160
C 0.551369667 -3.890703201 -0.529098153
C -1.165272832 -0.310939908 1.269834399
Na -0.972526371 2.627095699 1.017827034
C -1.316734672 -3.565583706 -0.191093341
