20

C 2.008703709 -1.471587062 -2.812884331
Na -3.236644745 1.579554915 2.819737673
C 0.980796218 1.581715584 1.157925129
P -1.204641700 -0.574004650 0.100691751
W 4.358527184 -2.956571102 -0.532695353
C -2.448157549 -0.195891142 2.227219582
C -1.138389111 2.552657604 1.632792473
S 0.551294088 -1.128626108 -1.869418859
P -2.132214546 0.815928161 2.278403282
S -1.089201450 1.489432812 1.624034405
S 0.085378952 1.059893727 0.994279683
C -3.009381056 2.506740332 3.017140150
S 1.958771110 -1.231859446 -1.764733553
P -2.075107336 -0.148123354 -0.811738193
S 3.416014433 -1.569534183 -1.422640920
C 4.209084034 -1.063271999 -1.740114689
S 0.031763900 0.051752366 0.082210518
S 0.879002392 -0.645003140 -0.905060410
C -0.258780509 -1.347708344 -2.347614050
Na -1.886818171 0.694505036 -1.727534294
