21

P 0.543276787 0.284961998 -1.572724342
P -3.115592241 1.459467053 2.227253675
Na -0.696146965 0.905284941 -3.445272684
P -2.170304775 1.279283643 1.346131682
S -0.531817496 0.562218130 -0.607174695
C 0.046668611 2.509357691 -1.144286394
P 0.817229807 0.048879899 -0.478418440
C -1.249087572 -0.266964465 -0.957530022
S 1.903793335 -1.670756936 0.641738594
C 3.445708513 -3.154043674 0.971199393
S 0.481724679 -1.535909414 1.207645059
C -3.719559193 2.321012020 1.971629620
C 0.075153172 -1.126995802 2.107814312
Na 3.526080847 -1.588210940 -0.354746342
C 0.186100528 0.346662402 -2.761927128
S 1.154528022 -0.903187454 0.308761328
S -0.776814461 1.822003961 -0.712919295
S 3.109218121 -2.287786484 0.517496705
P -1.179004788 0.946191907 0.583140135
C -0.181025460 -2.353661537 1.080245495
C -1.670129776 2.402193785 -0.928056657
