22

C -2.284835577 -2.292343855 0.371226162
Na 1.631596088 1.510315776 0.479127467
Na -1.161773801 -0.760854006 -2.571277142
S -1.795530081 -1.477391243 0.029800834
C -0.904136121 -0.392742902 1.854381561
S -0.410304815 0.026961038 0.881814837
C -0.459914207 1.179772973 -2.112784624
Na 1.648902059 0.532220960 -0.463079989
Na 0.417161882 -2.325596094 -0.409401625
Na 0.768393338 0.761628926 1.489005327
Na -2.089479208 -0.434595793 -3.335654497
S -0.374974012 -1.269931436 -0.005167944
C -1.104463935 0.841722369 0.546544373
C 1.022648454 2.297616959 2.507283211
C -0.100615308 -2.706480742 0.504833221
C -2.379391670 -0.704275310 -0.303186208
C 2.547298431 2.551821470 1.789422512
S -0.098830968 0.122195274 -2.042438984
C 0.654610574 -0.047891874 -2.835460186
C 2.392763853 0.996191740 2.443958521
S 1.743549228 1.691690564 1.852181077
S 0.337325573 -0.100034796 -0.671127617
