23

S -0.018692840 -0.205945432 2.447189331
C 2.648612499 -0.931296587 -0.546688378
C 1.485457659 -1.123675108 1.684163213
Na 1.660015583 0.961733997 -2.525678635
C 2.317641020 1.472439766 -3.170117140
S -1.550489664 1.090071559 -0.463827461
C -2.297534466 0.622569919 -1.149960399
C -1.349436998 1.029736280 3.080684423
S 1.597776532 -1.135374427 -0.527131975
S -0.077996828 0.770980418 -0.837108076
P 1.127511144 -2.405178308 -0.830529630
C 0.079829648 2.164364576 -2.521908045
C 0.089756913 -2.375396252 -0.857457519
C -2.814932585 1.007566452 1.289070010
Na 1.805608273 -3.511209726 -0.916607678
C -1.719633579 2.208883047 -0.569614410
S -1.041785717 0.460913628 2.157277584
S 0.690769851 -0.503314435 1.321080923
S 0.515258372 1.355159521 -1.982644916
C -2.107400656 -0.643477082 0.706102371
C 0.204343826 -0.571478009 3.396602869
S 0.662334383 -0.190975934 -0.091149278
S -1.907012701 0.452901185 0.908252954
