21

Na 1.296635747 -0.532508731 1.592426300
C 0.855055749 1.515842080 0.956840992
C -1.960631847 -1.352693081 1.039469361
C 1.079818845 -0.774182796 2.483812094
C -0.522336364 1.574296355 -1.975089192
C 2.099158764 -1.460489750 -1.392894864
Na 3.300460577 0.118280657 0.315900594
S 0.559353948 0.053791549 -0.522694886
S -0.409053624 0.527383983 -1.690843940
S -2.379299402 0.182487920 -0.568705857
C -3.187074661 0.644956946 -0.032347318
S -1.679698467 -0.299756646 0.398582369
P -1.707338452 -0.447826535 1.652072430
S 1.899803877 -0.078031980 0.226042777
C -2.782537699 0.020667102 -1.546426892
S -0.866173923 0.094005451 -0.557852924
C -0.512476563 -0.033106945 -2.662956953
C 3.593412638 0.953911960 -0.185499296
S 1.174003363 0.523502529 0.817567766
P 1.685196280 -0.689121902 -0.905928731
C -1.536278963 -0.541408241 2.558526278
