23

S -1.781367421 2.056712151 -1.106971264
Na -2.335146904 1.613836408 0.033847839
C 2.480094194 0.187533468 1.668906212
C 2.022526979 0.026930762 -0.747583389
S -0.636414647 -1.375917554 0.141442731
C -0.384408981 -0.239753544 -2.753360033
Na -2.810305119 2.286144257 -1.849187016
C -0.195755869 0.628185511 1.955921412
Na 2.100836515 -1.718535542 1.815848470
C -0.359930485 -3.147726774 0.961473525
P 1.626768589 -0.442327350 1.763474822
S -0.565135837 1.139441729 -0.984588206
C 2.197174072 -1.611165285 -1.060720921
P 1.513433814 -0.864314139 -0.742063224
P 0.350349337 -1.307580709 -0.641063213
P -0.580986500 0.423689902 -2.083679438
C -1.630593657 -1.061292768 -0.142315626
S -0.517955899 -2.131541967 1.249618173
S 0.229633376 1.434140205 0.208773360
C -1.194097638 2.928389311 -1.501128435
S 0.660691202 0.538895369 1.268762469
C 0.384903312 2.502485037 0.278749734
C -0.574312985 -1.866228580 2.265841484
