20

C 1.862469673 1.484534025 -1.215039015
C -1.460954905 -1.236514926 -0.811012030
P -1.173222542 0.374329835 -2.085404396
C -1.895124793 -0.134098604 -2.726750135
S -0.732132137 -0.284208536 -0.718661666
C -1.052616358 -1.285619259 2.115018368
P 1.431926489 0.095874116 1.521736026
S 1.232333660 1.752319694 -0.277681738
C 1.997113943 2.128912449 0.492474645
C -0.880131125 -2.869370461 1.130669594
C 1.151686668 0.269124985 2.503712654
C -0.310404569 1.263762355 1.137400985
C 0.519073486 -2.248532534 2.036009789
C -1.583967447 1.179847240 -1.559008837
S 0.378434777 0.556989074 0.574631870
C 0.829668820 -1.563268423 -0.251348704
C -0.485032469 0.825485945 -2.830555916
S -0.382615894 -1.888823748 1.431155324
S 0.006394314 -0.954995513 0.225291073
C 0.547099769 2.534252405 -0.692637146
