20

C -0.886546612 2.313750505 0.836275876
C -2.249870300 1.575185299 -1.549756646
S -0.994454682 1.138448954 0.957919717
C 2.433972836 -2.076076746 -0.713867247
S 2.186873198 -1.039096355 -1.055207849
C 1.395596743 0.755667210 -0.007748343
C 0.643250763 -2.380860329 0.550871551
S -0.350041986 0.065136246 0.035402425
S -2.559591532 1.823488235 -0.589306474
S -1.381548047 0.961089790 -0.443687826
C 3.054069281 -0.305557966 -1.006353021
Na -3.472770929 2.173809528 0.283908308
C -0.295389235 1.080620170 1.833555222
C -0.207936019 -1.928367019 -0.766682744
C -1.925433397 0.667071104 1.527740836
C -0.345189750 -1.342499733 1.242242813
C 1.894435406 -0.507984638 0.962082863
P 0.133986264 -1.389602184 0.150344446
S 1.176947117 -0.409326166 0.061030567
Na 1.749640703 -1.174895883 -2.308764458
