20

C -2.376323462 -1.805688739 -0.709583223
S -0.912863016 -0.212775797 -0.375095606
S 1.166849136 2.838689804 -0.390526891
S -0.029895810 2.088937998 -0.704184055
Na 2.232494831 2.773521423 -1.122404933
C 2.054678440 -0.219845831 -0.274341375
C -0.888974249 -0.370383143 -1.353851199
C 1.090852261 -3.574170351 0.757305264
C 1.102304220 3.542128801 0.412848651
S 0.141067788 0.688403845 -0.169167012
C -0.945110023 2.642256260 -0.375692248
S 0.274138778 -2.022099972 0.780718982
Na 1.300184250 -2.534170151 0.719496191
S -1.954473495 -1.248544931 0.213426128
C -2.963270187 -0.988098085 0.764427364
C -0.289502144 2.040326834 -1.832052827
C 2.027771235 0.916850686 1.028207302
P 1.416022062 0.347637087 0.393208444
S -1.036563158 -1.994190216 0.878323495
C -1.409387469 -2.908785105 1.358937502
