25

S -2.015474081 -0.815032423 3.029813051
S 1.509937286 0.399456978 -2.395183563
C 2.329718828 -0.421487033 -2.337108612
S -0.530179203 0.084346190 -1.354549646
C 0.405166268 -0.307305425 3.658241987
S 0.161293596 0.533569872 -2.632186890
Na 0.303820878 -0.370871931 2.733826160
C -0.870482862 1.249072313 0.250546753
S -0.159140214 0.405039370 0.015401307
Na -2.967535019 -1.646438837 2.666146755
Na -0.648222566 -0.653579116 0.990657151
C -0.240148723 0.103498958 -3.611217737
C -1.830770373 -1.064297676 4.078733921
S 1.378840327 0.705413103 0.409676820
Na 1.538120031 -2.064051151 0.266638726
C 2.215990067 0.762632072 1.012830019
C 2.251719713 -1.728112817 0.308235317
Na -1.856671691 0.424144238 2.584135532
Na -1.704427719 -0.575803578 -1.682850838
C 2.061778545 1.057661414 -3.110776186
C 0.970877469 2.000086069 -0.912413776
S -0.916217804 -0.375209451 2.212338924
S 0.918908179 0.903529823 -0.794311166
C -0.106566086 1.604605556 -2.836109638
C -2.200335026 -0.210866615 -2.550514936
