24

S -1.384993672 2.510991812 0.262680084
S -2.791885138 3.716986895 0.584804296
S -2.019138098 3.059584618 0.382929474
Na 2.495321989 -1.324771523 -0.964329481
Na 1.588426113 0.237528712 -1.951254606
C 3.307441711 -1.416702390 1.353347659
S -1.524618387 -1.426742315 -1.321479678
C -0.888063490 -2.246331930 -1.686991811
S 2.309556246 -1.241841555 1.805530906
S 0.282556146 0.184754297 0.137144357
S -0.607297182 1.903336048 0.172582686
C 1.898172498 -2.231488466 2.061054230
C 1.322179675 2.135374069 -0.047631703
C 2.323600769 -2.147118807 -1.444403410
Na 0.169449896 -0.034121171 1.641538262
C -3.550827265 4.389482975 0.889505148
S 0.490564227 1.651633620 0.097336054
S 1.269638300 -0.449853778 0.842304707
C 2.404629469 -0.679988325 2.708720922
Na -2.636161089 -2.110157013 -0.696871996
C -3.111701012 -2.721913338 -1.361189127
S 1.529076457 -0.371956557 -0.833642542
Na -0.838433087 -0.459485680 -0.493628919
C -2.037495375 -0.927200496 -2.138055801
