25

S 1.837724924 -1.213929772 1.500539184
C 0.958610237 2.435952663 0.736262321
S 0.990347087 -1.673562050 0.419405669
C 0.434103727 -0.159527183 -1.468273759
C -1.659311771 -1.445335031 -1.724687696
S 1.476074338 1.740334034 0.993033111
C -0.882127702 1.165558577 0.887532473
Na 3.279742479 2.594166756 2.009329796
C 2.079205513 -1.867374301 2.278114319
S -0.470625252 0.358762175 0.204558596
C -2.078635454 -1.978626370 0.627989769
C 1.267541766 -2.292691231 -0.508890927
C 0.231756538 -2.492375612 0.863682270
S 2.359299421 1.410153627 1.538885236
C 1.853067875 -0.127480239 -0.649840891
Na -2.039513111 -1.063974977 0.986172199
C -3.277466774 0.458036125 -4.442552567
C -2.795576572 0.589215338 0.040817562
P -2.468072414 0.286812663 -2.514092207
Na -3.295022964 0.302216351 -3.446340561
S -1.985151768 -0.424078643 -1.538019896
C 2.450508833 -0.017629679 1.690937042
Na 2.825818539 3.816205740 1.973238587
S 0.771514714 -0.350341767 -0.376886368
S -1.863811731 -0.050487000 -0.080913693
