25

C -1.258880615 -2.761409760 1.982148767
S -1.774252295 -2.296338558 1.186537743
Na 1.049508691 3.718194008 0.694061279
C 1.777836442 4.359038353 0.503406167
Na -0.916104555 0.906269968 -0.930759788
Na -0.041278768 3.970863342 -2.457073212
S -0.085677780 2.004574776 -1.076939702
S 0.219820365 0.878602743 1.173903823
C -2.789268970 -2.285892963 1.484939337
C 2.213631868 2.028992653 0.493028671
S 1.244562507 2.391568899 0.478432447
Na 0.759827852 -2.862257004 -0.945224404
S -1.339943767 -1.840317607 -0.120486505
Na 0.412136972 3.008573771 -2.002332687
C -0.710978627 -3.942733765 -0.106780380
C -0.279267132 -0.666864634 -1.741664529
S -0.387047887 -2.946122408 -0.360820234
C 0.937839150 -2.856329918 -1.990462899
S 0.218826801 1.619003654 0.105775654
C -0.491677672 0.707264006 1.926929355
C 1.468366623 -0.573852599 0.267744243
S -0.840256929 -0.607680023 -0.895001471
C -2.282768726 -1.709188342 -0.707103193
C 1.805217981 0.004588699 1.844975114
Na 1.089828610 -0.248546794 1.192765951
