23

C 0.201458335 1.407985568 -0.440591127
C -1.921235204 0.624962449 0.602170885
C -1.638316512 -0.957925320 0.821410120
C 2.241269827 -0.755412519 -1.754321933
Na 2.109898329 -0.752556086 -0.779741287
S 1.198060513 -0.265816003 0.246971861
C -2.384397268 -0.689367712 -1.636490345
S -0.312448114 -0.041007601 -1.898735404
C -0.161253512 -1.015228271 -2.509412766
Na 2.386437893 -0.830725789 2.815174341
S 1.769999385 -0.267550707 1.656212091
C 0.363229811 0.630713224 -2.474538326
P -1.727123857 -0.030910717 -1.966743350
C -2.816619635 1.756047130 -1.758111715
Na -0.171223804 -0.534338117 3.075454473
C 0.117551953 -0.565940261 4.035706520
C -1.771931529 1.670834303 -3.159371614
C 2.800095320 0.238742381 1.645454526
S -2.101125002 1.193735123 -2.285761833
C 2.418620586 -0.671698630 3.776500702
S 0.064837955 0.289533228 -0.338858008
S 0.334410131 -0.309636384 1.657772303
S -1.000195146 -0.124439284 0.669848442
