22

C 2.265505314 1.416008353 -0.661005735
C -1.551403880 0.084535494 1.352203965
C 1.067510009 -1.381348968 1.742185116
C 0.028834056 2.088766813 -1.757337570
S 0.303955227 1.669895172 -0.291032255
C -1.336881757 -2.620711565 0.853860915
C 2.095150709 2.457867146 -0.288607627
S -0.083307594 0.227177069 -0.395588070
C 0.431236535 0.123194501 2.569588900
S -0.774266660 -0.524384856 0.782945693
S -1.491794705 -1.778776288 0.104208611
C 0.130246550 2.479218245 0.430298865
S 0.124754101 -0.827637553 2.043178082
C 1.276883841 0.466952622 -2.008762836
C -0.657768905 -1.956676483 -1.363554835
C -2.517289639 -1.302314639 0.019473800
C -0.988073468 0.232100531 -1.164719820
C -1.437755108 -2.422482252 -0.934632421
C 1.600562096 2.162943840 -2.135080576
C -0.384712964 -1.482451081 2.743696213
C 0.749339879 -0.604069829 -0.315992653
S 1.149276018 1.492193460 -1.325325847
