23

S 0.158921048 -1.651833892 2.690510988
C -1.287660480 -2.251579523 0.581392169
C -1.877487302 2.435422182 -1.932398081
Na 2.090599775 1.676464081 -0.030056512
C -0.857668281 -1.673309565 2.652542591
C -1.800159812 0.244972900 0.919266284
C -0.272044420 2.349832535 -2.245805502
C -1.456999898 -1.394304872 -0.892395735
S -0.911484718 1.857548952 -1.359014034
C -0.213252276 0.333684295 1.399009466
S 1.475810885 0.437115580 -0.227050170
C -0.094595231 0.197691277 -1.820921779
C 0.847432435 -2.065273285 2.089942694
C 1.439185023 -1.371413827 -1.418637514
C 0.541751683 -1.116706729 3.475582361
S -0.048557647 0.566467643 -0.760929406
C 2.841410875 -0.324508667 -1.659171224
C -1.830661058 1.170191765 -1.186608672
S 1.934801817 -0.501330972 -1.146206975
S -0.770176053 -0.030838361 0.514314711
C -0.566583037 2.510229111 -0.529995441
S -1.186518073 -1.362817645 0.108416058
C 1.843934894 -0.035703156 0.778215051
