21

S -0.236445412 -1.686097026 1.355051994
C 2.785584927 3.761439800 -1.622143149
S 0.673936605 -0.183486298 -0.467117220
Na -1.308271885 1.492417216 0.987376869
S -2.453145027 -2.423264503 0.249914810
C 1.186396956 -0.684000850 -1.224865556
S -0.191088721 -1.463552356 0.067144178
S 2.030397654 3.229287863 -1.068279505
Na 0.133743241 3.114918947 1.224730730
S -0.134390503 1.956364632 0.709725022
C 0.519946396 -2.140198231 1.818540812
C 0.241933316 -2.613050699 -0.128309920
C -0.974828422 -1.326767683 2.036267519
C -2.078660727 -1.930360317 -1.549419045
C -3.493301392 -2.242262363 0.442234725
S 1.976778150 1.864125609 -0.836485982
C 1.299015641 3.879482031 -0.727182746
C -2.142144680 -3.285148859 0.742456019
S -1.562498331 -1.857901335 -0.548158646
C 2.849214077 1.372878075 -1.294793725
S 0.877827823 1.165176272 -0.166687250
