21

C -0.299300015 3.365759134 -0.052756578
Na -2.409559488 -4.011112690 -0.508646309
C -0.398886263 -4.133917332 -0.456202358
S 0.536685467 0.859971821 1.025151730
P -1.148785591 -3.397946119 -0.400303841
S -0.704140186 -2.004846573 -0.318526149
S -0.571158469 -0.281244785 0.214748293
S 1.794458866 1.378262639 -0.063552558
Na 0.513805628 3.052043676 -0.371010303
C 2.651598930 1.324896097 -0.489459336
C 0.777552366 1.770724773 1.711511016
C -0.386869460 0.966837943 1.809687495
C -2.556919098 -0.221440390 0.895549238
S 0.085202307 -1.099590182 -0.425614417
Na 1.312441349 -1.143133163 -0.997472763
S 0.740524769 1.667985797 -0.384693086
Na 2.376732111 -0.952862799 -1.651113510
C 0.262132466 1.361191511 -1.328405380
C -1.905121922 1.263922691 0.156309277
P -1.915506244 0.213000685 0.298891187
C 1.245112062 0.021497380 1.335908413
