23

C -2.667585850 -1.114512682 -1.732380152
C -1.638582706 1.127177119 -1.720463634
C 3.661174536 -0.098334201 -0.308299750
Na 2.153459787 1.365742326 1.616329193
S -0.167941079 0.614599288 0.395224154
C -1.500769854 -1.222808719 -0.202105805
S 1.788208604 -0.560267210 0.302496821
C 3.474171400 -1.763858557 0.311986923
C -0.710594893 1.491032600 0.506115437
S -3.570362091 1.356755972 -1.556795359
S 3.220612764 0.721277118 2.163868666
C 3.310062647 -0.320414901 2.430067778
C -3.380081654 -0.906252503 -0.035809703
C -4.451270580 0.691034377 -1.643784642
S 0.667502463 -1.423419476 0.100144260
C -3.686720371 2.302862883 -1.991386056
S -2.488210201 0.653148353 -1.290621042
S -0.548348129 -0.706600547 0.023652436
C 4.052067280 1.248705149 2.538284063
S 1.245710373 0.585360944 0.739888549
C 0.720385671 -2.513912916 -0.039992709
S 3.042599201 -0.841549993 0.130923063
S -2.525487185 -0.685764253 -0.737342477
