25

Na 0.598618746 0.760869145 -1.811823487
C -0.573733151 3.850739241 1.756635785
S 0.769818127 -0.567781925 -1.616308570
C 1.800803185 -3.045811892 -2.503336191
C -2.336235285 0.987983167 2.145790339
C 1.433344960 -1.017940402 -0.746443927
C 0.683100045 0.910347939 0.637034595
C 2.437086105 -0.268173814 -4.652287483
S -0.334081411 0.518809080 0.959976733
C -0.398167700 -1.836275458 1.115783095
S -0.901492417 2.926836729 1.323004246
Na 1.447533011 -2.798644066 -4.379350662
C -1.164262176 0.409782261 0.192212954
C -1.403395176 2.961637259 0.518889308
S 1.420421839 -0.910076618 -2.864749670
C -1.611165762 2.052944899 3.163710356
Na 1.822862506 -0.030493885 -3.883277178
S -0.772929728 -1.211956143 2.855796337
S -0.345320195 -0.895050108 1.620346785
S 1.608705401 -2.275193214 -3.215180635
C -1.556629777 -0.672795594 3.323317528
C -0.198554948 -1.109552979 -1.375478983
C -0.443927318 -1.992027879 3.514680862
Na -0.445833027 1.685177684 1.656574607
P -1.536565781 1.566645741 2.264483213
