24

S 0.848230422 1.001178265 -0.127197638
C 1.788398743 2.243081331 1.283947468
C 1.705042243 -1.725766897 1.414171100
C -0.293587059 1.243593812 -2.012012005
C -2.291027069 -0.244467333 1.024227977
S -0.557894409 1.022131443 -0.884692311
S 0.848018825 -0.085553624 0.647847176
C 0.339109391 -0.052878164 1.644528031
C -1.501574755 -2.267833948 -0.861225486
C -1.690303802 -0.454133689 -1.841240764
S 0.852027535 1.960680723 1.009805799
C -0.687689781 2.214383364 -0.895535648
S -1.189426422 -0.257261813 -0.880319178
Na -2.374562979 0.026715897 0.068591721
C 0.007378630 -2.695675611 -0.256397724
P 2.032980442 -0.911582470 0.900164902
C 2.984936476 -0.565694988 0.717575550
C -0.940889239 -1.908816576 0.856081903
S -0.714987874 -1.790039778 -0.254836529
C 0.680738091 -0.896460891 -1.479485154
C 1.690522671 1.182570219 -0.800585330
C -1.677209377 1.213624954 -0.045111429
C 0.019357601 2.394487858 1.436342955
P 0.122412451 -0.646282792 -0.664645135
