24

Na -2.840617180 -3.145904064 -2.259175777
C 1.583081007 3.353807926 1.047682285
C -0.869888604 0.490838826 -1.136872888
S 0.480815083 0.094177857 0.279979944
S -1.362145662 1.731443524 1.057341337
Na 0.269794583 0.221718386 2.471411228
Na -2.295689344 0.939915061 0.947800219
C 2.500260592 1.385827541 0.475693405
S 2.813418150 -0.993175030 -0.288043827
Na 0.519312441 -2.539168119 -0.716897607
C 3.414696455 -1.252148628 0.447824121
S -2.073234320 -2.086311102 -2.222052336
Na 2.521393061 -0.757030308 -1.217823625
P -0.302315712 -0.169532329 -0.652168512
S -0.417580694 2.586894989 1.220408082
Na 0.923278630 0.140263766 1.457951307
Na -2.555485964 -1.054368854 -1.648056507
P 0.993474364 2.528950930 1.048609972
S 0.081134394 -1.278767347 -0.611708343
C -0.666059911 3.604426384 1.581443191
Na -3.267210960 0.566496491 1.603252888
C 0.147137702 -3.435522556 -0.991941988
C -1.047444582 -2.108624935 -2.682145596
S 1.449875712 1.175792217 0.787489176
