23

C 1.548140526 0.712666869 1.544838548
Na -2.944032431 0.746283710 -0.707089722
S -0.858415782 -1.119837165 0.311935902
C 1.123268485 -1.845963359 -1.377891421
C -1.598151207 1.016152620 1.307486773
S 0.740318596 -0.854198873 -1.813473582
C 2.658157349 -0.166858330 0.253662795
S 0.708774567 -0.400121361 1.048796535
Na 2.099327326 0.173656553 0.906380832
C -2.802763224 0.164353311 0.155774668
C -2.392994404 -0.526299596 1.918068886
S 0.313870341 1.028398633 -0.624337316
Na 2.041119576 2.482089996 -0.920389533
S -1.676712155 -0.086290985 1.226317406
C -0.936132908 -2.065154314 0.962770402
C 1.059203148 -1.341249228 1.496719837
S 0.197356209 -0.258476228 -0.380250037
C 1.579210520 -0.200238600 -2.238617897
S 0.759800017 2.291821957 -0.730782151
C 0.153232485 3.220585585 -0.738584220
C -1.249432921 -1.800910234 -0.627510786
C -0.407462060 -0.164696902 1.861239195
Na -0.115682103 -1.005713940 -2.835065365
