25

S -2.297967672 0.615431249 -1.804570436
C -3.226425171 -0.506623030 1.285251021
S -2.987706900 0.097092181 -0.680736482
S -1.108468294 -0.096136145 0.751420319
C 1.470494151 -0.427524537 1.980015874
Na -0.655427992 1.404489040 -3.172371864
S -2.425944567 -0.248216644 0.599291801
S -0.190301582 0.713196158 -0.014413612
C 2.410872221 0.312559754 -1.205320358
C -2.997178316 0.863990188 -2.644850254
C 2.837480068 -1.771893144 1.324874878
Na -0.999723673 -0.774345934 1.787956476
C -0.059458211 1.497675419 0.826775372
C 1.551828623 -2.943906307 0.139487907
S -0.917510569 0.949396133 -2.027552605
S 2.139188051 -0.916582048 1.202610016
C -4.062089920 -0.039473884 -0.772212267
S 1.807237387 1.106276155 -0.974308014
P 3.062982798 0.121902540 1.241819859
C 0.589429915 -1.670981169 -0.373576105
P 0.386804998 0.900507689 -1.131034017
S 1.447114706 -1.862625003 0.288732946
C 3.081218958 1.057369590 1.490897775
C -1.160772920 -0.361319333 2.682385921
C 2.304324627 1.979741335 -0.800574839
