24

S 0.157581702 0.145845890 0.392465413
As -2.520064116 -3.639768124 1.264597654
S 1.437544227 0.871570587 0.235892951
Na 0.545035243 1.017806768 -2.002641201
Na 0.272925705 -3.712149143 0.304862469
C -0.592487216 2.410076857 0.064581104
S 0.224100128 -1.321972251 0.387163490
C -0.185804844 0.349630266 1.457443357
Na 1.416449904 3.773434162 -0.102445036
P -1.323133111 -1.486457944 -0.272991240
S -0.426197797 -2.509716988 0.587640584
S -0.598845363 0.968617320 -1.392472982
C 1.356818676 -1.590408921 0.502621293
C -1.482978940 1.213475585 -1.878133178
C 2.086741924 0.807289600 1.182057023
S -1.161525965 -3.098790646 1.647601485
C 2.352859735 0.911081672 -0.423367947
S 0.850318074 2.857368231 -0.345698982
C 0.704636753 1.547595978 -2.771620989
S 0.251726478 1.624644995 -0.535087049
C -2.051477194 -1.936025977 -0.921969354
P -0.883987606 -0.272466153 -0.476485968
C 0.612485290 4.352964878 0.358416229
C -1.042720795 -3.283645868 2.737570286
