20

C -0.586350679 -3.119734049 -1.254076004
Na 0.171761975 3.107855797 0.583175600
S -0.751866400 -2.215305328 -2.036056280
S 0.782885373 2.726796865 1.665784955
C 0.998576403 -1.695750952 -1.823473215
S 0.172797889 -2.001501083 -1.065018177
S -0.909715891 0.520530701 1.865849853
C 0.357197195 3.013769150 2.617411852
S -0.139126807 -1.255941987 0.187077180
C -1.044095039 -1.684455395 0.696704209
C 1.483295321 0.947758198 -0.589854896
C 1.719338059 2.211824656 1.648942709
Na 0.792558908 -2.240415335 0.037872773
S 0.526325107 0.609579146 -0.263935447
C -0.455461174 0.823820591 2.705061436
C -0.021436803 0.506398916 -2.711965799
Na -1.346721649 -1.928255558 -3.024788141
C -1.901597500 0.345913410 1.763522744
S -0.204816163 0.132867470 0.672889709
Fe 0.356451869 1.194244981 -1.675125360
