23

S 0.421506256 0.792316794 1.648459077
C -2.452820778 -2.460664034 -1.466669321
S 0.096791066 0.914266944 -1.306550741
S -0.344090551 -1.504715323 -1.800545454
C 0.390100330 -1.158098459 0.929988682
P -0.783986509 1.337230444 1.317048192
C -1.190879226 -1.954239964 -3.458491802
C -1.920204878 -3.063860893 -1.952467680
S 1.060680151 1.398469210 2.740271330
C 0.566666603 -1.763041139 -1.384253383
C 0.440417498 2.302001953 3.847987413
C 1.422296762 2.401744366 -1.745082617
P 0.993992925 -0.314548612 1.018937826
C 0.829133332 3.407892227 2.496298552
P 0.794668674 1.840829849 -1.188198566
C 1.716920376 0.665501773 3.205490828
S -0.949084222 -2.510767460 -2.552538872
Na 1.216121435 2.656499624 3.119172573
C -1.749520898 -0.160517141 -1.155986309
S -0.691805601 -0.198725954 -1.383195043
C 1.978390813 -0.609274089 1.112967014
C -0.291912764 -3.377063990 -2.835241795
C -1.553380728 1.358764529 0.792599916
