24

C 0.821457505 -1.915072560 0.007503557
C 0.260875195 2.262723684 0.320938081
C 0.785415292 1.231746793 -2.426418066
C -0.774330914 2.379919767 -1.041180730
S -0.691647232 -0.359447718 1.085601449
S 0.624465525 -0.545588851 0.587393343
C -0.450234324 0.584942222 2.840781450
S 0.985316217 1.674747467 -1.489085078
C -2.359337330 -1.428711414 1.695348978
C -1.443397403 -2.120681524 0.232775480
S -1.946063161 0.430739909 0.730140269
C 1.523908138 -2.140229940 -2.376558781
C 1.976200938 1.865268469 -1.221916914
C 0.873138547 -0.390906483 2.827286243
C 2.424255371 -0.668903887 -2.183660507
Na -2.320335627 1.317579627 1.485848784
C -0.296247482 -0.787702322 -1.390515089
P 0.157091200 2.284411669 -0.678202569
S 0.677299798 -1.038163185 -0.839868546
S 1.581867099 -1.230970502 -1.849781513
S -1.581593752 -1.412557483 0.975793183
S 0.094572514 -0.060476247 2.132767439
C 1.680190802 -0.195874438 0.676047385
C -2.602867365 0.263207287 -0.101037204
