25

C -1.148470163 1.665307045 1.321357012
Na -0.903272867 1.503301144 -2.315347910
C -1.014889002 -0.196403742 -3.353470325
S -1.271860361 0.070573218 0.011104858
C 1.713807344 0.129558906 -1.019465685
Na -2.569512367 0.629608750 -0.093637332
As 2.480628252 0.197586194 0.008094056
S -0.526074946 1.067304134 0.691755474
Na 2.446399689 -0.551506639 2.059251547
Na -3.439551830 1.053957224 -0.846550345
S 0.792404413 1.566466212 1.045212150
C -3.564991951 1.593845844 -1.672341466
C 0.805200279 -0.264359087 2.125487328
C 1.029226542 2.041488171 2.006985664
S -0.758882582 -1.258483648 -0.263020068
Na 1.267540455 -2.471165657 0.845857501
Na -1.416450143 0.443451047 -2.654380560
C -1.849928617 -1.446113348 -0.475955158
S -0.062941030 -2.244331360 0.488462806
Fe 1.167690754 2.976951599 -0.063166648
S 1.557401419 0.220824048 1.339223504
C -0.549641192 -3.176112413 0.729547918
C -0.122865297 -1.289974093 -1.180095673
Na 2.327993631 -1.996836901 1.636410832
C 3.611038923 -0.264936715 -0.371320188
