24

S 0.139027163 0.403081864 -1.438781261
C 2.022593975 -0.032820735 0.585145593
S -0.191618130 -2.310116529 0.860143960
Na -0.051462244 -1.726367593 -2.421585321
S -0.813083529 1.241693139 -1.875044584
P 1.034800529 -0.223777831 0.573109627
Na -0.991366267 -1.781198144 1.889645576
S 0.650305033 -0.865913272 -1.517940760
Na -1.507774234 0.296711504 -2.713781834
Na -1.345293283 0.317094803 1.033680797
S -0.083327554 0.395833194 0.731333435
Na 1.870315790 2.262128592 2.257610798
C -1.911154032 0.121788926 0.242612541
C 0.994868517 1.791005731 -0.167041406
Na 0.805781603 -1.597140551 0.012094981
C 1.699831486 -0.605499566 -1.861178756
Na 1.354506969 1.507138014 2.739958525
C -0.732046723 2.082370758 1.584791064
Na -0.907556236 -0.820325732 -3.297082186
S 0.649066865 0.880944312 -0.213363692
C -0.651068509 -1.315389872 2.667581320
Na -0.313251644 -3.524559736 0.669333100
Na -0.774176359 1.199983716 1.400442481
C -0.947919130 2.303334475 -1.741683483
