25

Na 0.686790884 0.361884177 2.733959675
C 2.704161644 -0.457935601 0.617254853
P 2.482504845 -1.295612216 -1.233055949
C -1.724130869 -0.578140438 -1.998566031
S -0.164041176 0.126581654 1.961357236
S 3.176648378 -0.584586203 -0.287884802
S -1.230035186 -0.440492988 -1.123644710
Na 0.617453694 1.569120407 -0.806370497
Na -1.665046334 1.679426670 0.436762780
Na 0.531386256 0.254703134 -2.534453392
P -0.473128468 -1.779798985 1.285025001
S -0.006969590 0.450162292 -1.398368955
C -3.125619411 -0.742395699 -0.056260552
S -0.982666910 0.763276577 1.122037172
C -2.303493738 -2.245202780 0.007930061
Na 0.916299164 2.793442965 -1.301026106
Na 4.342350006 -0.088120624 -0.589751482
P -0.786917567 2.101019621 1.137941837
C -0.209926590 -2.560169220 0.817500174
C 1.102725387 2.783108473 -2.301856041
C 1.693027496 -1.835028887 -1.232132077
C -2.101651669 -0.924163818 2.063806772
S -1.269383311 -0.764233649 1.287729621
S -2.073551416 -1.118002892 0.016933983
C -0.136785045 2.531159163 1.375131249
