21

Na -1.997688651 -2.547789335 0.610656559
C -2.484585285 1.732940912 -0.313111335
C 2.060102224 2.389466524 1.391233802
C -0.217313364 -2.019263744 1.430725813
C -0.840308189 1.854736924 -0.962535620
C -2.616308212 -0.536434948 -0.704030275
S -1.628057957 1.267349243 -0.717073679
C 1.926365852 0.214928508 1.839103580
S 0.906995475 -0.069236308 0.055897295
S -1.112585545 -1.533935070 0.931469619
P 2.264152527 1.471334100 1.056805968
C 2.751707077 0.687626183 -0.572075605
Na 1.353654504 3.197861195 -0.819433033
C -0.328820586 -2.497211218 -1.279814839
S -0.273657918 -0.749033213 -0.334180653
S 2.157383680 0.390150964 0.543050110
C 2.863366604 -0.551501334 0.534661293
Na 0.148205593 -1.632615924 -1.198182583
C -1.626221776 -0.210241958 -2.097093582
S -1.592312455 -0.050331403 -0.970673442
C -1.714073420 -0.808800459 1.574600697
