21

C 0.720952213 -0.407446623 -3.050090551
C -0.681124151 -0.618183970 4.392657280
Na 1.376702785 -0.664229035 4.208557129
Na -0.994673610 -1.397822380 -1.540261030
S -0.120091178 -0.890692353 2.371838093
S 0.182478741 -0.704583883 3.717449427
C 1.299216986 1.858838558 -0.154662013
Na 0.893037021 1.073892355 2.047868013
C 0.452931762 0.918558061 -4.212388992
C -2.188660145 -1.832738876 0.674580216
P -0.617139518 -1.900574803 1.766163349
C 1.801662922 1.633132696 -2.446911573
S 0.250253320 0.120802015 1.532764673
Na -1.289666414 0.747436285 -3.111722469
Na -1.431315064 -2.375457525 0.960675359
S 0.188395664 0.583141148 -3.152427435
S 0.880023599 1.220155001 -2.061252356
C -0.592654526 1.764391899 -0.500142038
S -0.046617426 0.182681322 0.021222441
S 0.454923987 1.382032633 -0.667242169
S -0.538636982 -0.693333030 -0.796673954
