24

C 0.744103789 -1.291479230 -0.990139484
C -1.343647480 -0.019389389 -3.089578867
S -0.153172672 0.331070274 0.812171996
C 3.145326853 0.213971913 0.558568954
C 0.991537273 -0.133136258 2.292317390
Na -2.979767323 -0.447146207 1.426503181
Na -2.295250177 -0.896257937 2.421242952
S 2.320449829 0.947488248 0.938137770
C -2.204942226 -0.974292099 -1.812403202
C -0.897559404 -1.750533104 -2.676521778
S -0.284147441 -0.790003538 -0.067266710
S -0.065070070 -0.349423826 -1.314718246
Na -0.843216777 1.232201457 1.497158051
C 2.899168730 1.300878525 1.883575082
Na -0.788276315 -1.977548957 0.357068419
C 1.950753689 2.010830164 0.590698302
C -0.649920821 1.691644311 0.617208898
S -1.204378843 -0.751430333 -2.280116320
C 1.888030887 0.843477011 -0.958685338
S 0.837179363 0.855902553 -1.405936718
S 1.143571019 0.331075132 1.324760675
C 0.535590410 1.700225830 -1.809853435
C 0.053506363 -2.245133162 0.964176953
C -2.799869061 0.167008609 0.721631706
