24

S 1.177632213 -1.340494633 -2.589469433
S 1.488029957 -0.111989491 0.178915754
S 2.568290949 -0.461589098 -0.372943014
C -0.793343246 -0.992471099 -2.020556927
S 0.186238930 -0.998361111 -1.925817847
C 1.780661941 -0.790757537 -3.303681135
C 0.109176308 -1.085675240 3.205944061
S -3.474286556 0.245612055 -0.629239142
Na -1.143381357 1.129881740 -0.310777336
C 3.259155273 0.022844292 -1.003633261
Na 3.360417366 -1.346720338 0.276024967
C 2.055359602 0.848400593 0.915564537
C -4.533491135 1.923249483 -0.594008923
C -3.152181387 -0.455351949 -1.163218379
C 1.419523358 -0.051432062 3.307846069
S 0.813489318 0.192010492 1.380401254
C 1.224399328 -2.348368168 -3.082065344
S 1.304295659 -0.750635087 -1.162595153
S -0.320987880 0.759370804 1.920789480
C -1.960888624 2.096402884 1.087761045
S 0.568941295 -0.239539772 2.660976887
S -3.955479622 1.120220065 -0.375303566
C -0.738776982 1.281450987 2.793865919
S -1.242795229 1.353942037 0.805221200
