24

C -0.413839608 1.307048082 1.983945727
C 2.540837049 2.483403683 -3.173657656
Na -0.476146668 1.221300602 -0.455485493
C 2.999003649 0.275836408 -1.650631547
P -0.158268958 1.119315147 -1.794362307
S 0.136525691 -1.404440761 0.187278926
Na 1.188245893 -0.777142048 -0.374194026
S 1.915728927 0.347884774 -1.312430859
S -0.164823383 -0.049243715 0.161232114
Na -2.690093994 -3.772709608 0.806332290
C -0.244818479 -3.952343702 0.572885931
C 0.894221127 1.781660199 0.929353952
Na -0.832975328 0.960764527 3.013067484
S 0.050404988 1.188111663 0.745251894
Na -1.684625983 -0.393443763 0.516748726
C -0.953355789 1.083791733 3.942374945
S 1.743216753 2.446840048 -2.469788551
S 1.254741192 1.348712921 -1.810971260
C -2.047688007 -1.600960970 2.244931698
P -0.316720694 -2.831911802 0.560320020
C -0.381235629 0.219860643 -2.312273502
C 1.286410809 3.377286673 -2.330039978
S -1.754634500 -2.836376667 0.812438190
S -1.890109181 -1.543244243 1.207672834
