20

C 1.494246840 1.699271798 1.147469282
C -1.304020643 -1.344334841 0.160905123
C -0.320126653 0.842250347 -2.532996893
S -0.093632087 0.394672364 -1.448688388
Na -0.268377692 -1.002661824 -1.869405270
S -1.185973048 1.166040063 -0.936135292
C 0.925261855 0.924202383 -1.469115496
C -0.990597963 -0.586068034 1.820145845
P -0.716299236 -0.674877644 0.563424766
C -2.207922220 1.103803754 -1.105447173
P 0.229729384 -0.453917384 1.337421536
S 0.364232183 -0.366355211 -0.154540971
Na 0.845116675 -2.904190540 -0.878275871
C 1.152714133 0.582696497 2.522367954
C -0.091930844 1.649975061 1.816417813
C -0.923078239 2.050239801 -0.478262454
C 0.728637278 -1.214501500 1.780027866
Na 0.214775831 -2.345902681 -1.797631264
S 0.766536415 1.034636378 1.689269781
C 1.380708098 -0.554978371 -0.166950792
