22

Na -0.825538695 -2.286263466 1.173859954
Na -2.033780098 2.130289078 2.205668211
C 1.320280075 0.142314985 -2.337431431
C 1.724791527 -2.199790239 0.429112822
C 3.197037458 -1.111585736 -1.128473878
S -0.951740801 -1.066843867 1.006088495
C 2.792829990 -0.777559996 0.485478312
S 2.326395750 -1.456584334 -0.284859538
Na -1.379564881 2.153568506 0.004356126
C -1.423655272 0.340954065 -0.984824359
S -0.751701474 1.017814517 -0.499061227
S 0.051588882 -0.074586183 0.326995552
Na -2.444880724 2.171334982 0.827400208
C 0.233121514 -1.266090989 -2.456837893
C -3.178731918 1.519217014 0.548123956
S 0.832530081 -0.680374146 -1.849636674
Na -2.058247089 -0.564330757 1.415033817
C -0.050765015 1.615822196 -1.063123584
C -1.631266713 3.010432482 2.403564930
C 0.489746213 0.541973233 1.185078979
C 2.744941235 -2.402115583 -0.852275491
S 1.016610026 -0.757595479 -0.554237664
