23

C -1.937916160 -3.281393766 -3.085993528
S 0.753359437 -1.396953225 0.570655107
C 1.642752409 -1.286003470 1.219450593
S -0.756058335 -2.766744852 -1.612469077
C 0.331497461 -3.096088171 -1.751372099
S -0.004225583 -0.933706522 -0.408518404
C 0.622261047 2.609909296 3.225246429
Fe 0.550086498 1.425347209 2.904933214
C 1.756175041 3.121352196 1.255138755
C -1.278763652 -0.439496607 -1.759362817
Na 0.627477467 2.477196455 -0.290225983
S -0.572575867 -1.267579794 -1.702535272
C 1.179893613 4.491109848 0.330628633
C 0.701644123 -2.524361610 0.769679070
S 0.228564620 1.350282073 0.393023610
S -0.280673236 1.023473620 1.551172733
C -1.301031351 0.974736035 1.829033375
P -2.053059340 -2.781447887 -2.206629038
S 0.216956526 0.010148427 0.506798446
C -0.115759559 -1.198259950 -2.700958729
S 0.863605917 3.460261583 0.671124399
C -1.039893150 -3.606185436 -0.863032877
C -0.134317607 3.634404659 1.154213071
