24

Na 2.858648777 0.033217926 -0.016740825
S -1.400156975 0.862324059 -0.056846071
Na 1.205487847 0.042513337 2.258013487
C -0.436815768 2.981505394 -2.415704727
S -2.173713207 1.716232896 -0.842143416
S 1.545712113 -0.063370146 -0.018767195
C -1.205786943 1.154576659 0.976846933
W 2.767018557 -2.950986862 -0.810729146
P 1.782472730 -2.537906170 0.621106267
C -2.191895723 2.802730322 -0.622868240
C -1.160622001 -1.619074225 2.173912764
Na -0.666020155 -2.098378181 1.499857545
S 0.220184967 2.269929409 -1.849403620
S 1.163309574 -0.612857044 1.217931390
Na 1.058648705 -2.885848761 2.612281799
S -0.389741689 1.378705025 -1.068262339
C -3.177833080 1.402422309 -0.322409332
C -2.415875435 1.628645778 -1.954205751
C 1.233651400 2.569918871 -2.103624821
S 0.630875528 0.397387564 -1.148868084
Na 0.657332480 -0.315753192 -2.112599850
C 0.966165781 -3.886515379 2.528338194
C -1.678296685 -0.229006499 -0.043400764
S 0.807249010 -2.040413380 1.498285532
