21

C -0.160210028 0.609280586 2.952664614
S -0.270036310 0.228707328 1.462938905
Na -0.598796189 -0.718013585 -1.688321948
C 2.602018833 0.438098431 -0.070613332
Na -2.491273880 -0.249955490 0.119218729
Na 0.446263731 -0.707372546 1.611778021
S -1.387877226 0.558843315 0.177943975
S 2.041470289 0.683017731 0.766063094
C -1.504217982 1.628627777 0.382653713
C 2.123045444 1.357846141 1.617954373
C -0.900301933 0.711285651 2.220692635
S 1.011649847 0.231110901 1.169431806
C -3.109583616 -0.000223106 0.881273866
C 2.205152512 -1.154694080 -2.543072939
S 0.325411141 -1.398898959 -1.230422378
Na 1.282744765 -1.441756129 -2.427896738
C 1.142790437 -1.689710259 -0.538321972
S -0.779265344 0.530099392 -1.231744528
C 0.149830103 1.180080414 -1.268290043
C -1.513370752 1.048021078 -1.804780245
C -0.615443587 -1.844394565 -0.559149683
