20

C 3.238598824 2.084645987 0.496015072
Na -1.723183155 -0.985634625 0.383971214
C -3.186866760 0.496006876 -2.182748556
S 0.895320594 0.306923538 1.667644978
C -1.058742523 -0.946235478 -3.017958403
P -1.291959643 0.637203693 -1.199063778
S 2.432830811 1.612503290 1.060743213
C 0.164981723 0.726673603 2.323409796
S -1.062796354 -0.407182544 -0.648557901
C -3.379451990 -0.926807642 -1.327983022
S -2.517372608 -0.351383358 -1.876098037
C 1.634573102 -1.797496796 2.145066261
P 1.266696095 1.149881840 0.607550085
C -0.854102552 1.325920463 -1.741853952
C 2.056379795 -0.404548973 3.053686142
C 2.693818569 1.605232358 2.106776476
C 0.912054837 -1.402703047 -0.462151706
S 1.488396525 -0.735958338 2.240833998
P -1.857968450 -0.960000694 -2.775909901
Na 0.148793727 -1.027039886 -0.853371501
