26

S -0.806427300 -1.092834949 -0.905848920
S 4.245707989 2.720760345 1.843123436
C -3.221763611 -3.294612408 -1.184262633
S -0.367961764 -1.507428169 0.407543242
C -1.482463956 -1.220943928 -3.273392200
S 1.379667759 1.916032791 1.484475136
Na 1.748203516 2.797522068 2.873148441
C -0.634996772 -2.631530285 0.212730885
C 0.062157664 1.934774876 -0.337956727
C 4.954886436 3.036941290 2.540824175
Na 1.208018303 0.923949301 2.070866823
S -1.265301824 -1.577216864 -2.205240726
S -3.519308567 -2.526033163 -1.892417789
C 2.138152122 3.732192278 2.838780165
S -2.415684938 -1.444121599 -1.769089103
C 0.645660579 -1.610430837 0.916284800
C -3.508282185 -2.683883190 -2.985362291
C 4.001157284 1.734997869 1.875396252
C -4.636434078 -2.352069616 -1.694495559
C -0.492983967 -2.379327297 -2.418400764
C -3.050417900 -0.635202169 -1.500347614
C -1.069846392 -1.156819224 1.219996095
Na 0.616776943 1.113935709 -0.064500399
C 3.893777847 3.481772184 1.249662161
S -0.057212677 -0.069315381 -0.228017062
C 1.634920359 2.788890123 0.926498711
