26

C -1.982692838 -0.941719711 1.537382722
C 1.169354677 -0.956932425 -0.950288594
S 2.950413942 1.997659087 0.313981175
Na 0.959392905 -3.788953781 -0.551891208
C 1.047359228 -3.213784218 0.008687546
S 0.556194544 2.267205477 0.542266548
S -1.710806489 -0.978786349 0.459973931
C 2.680289268 1.146019578 -0.419098973
Na -0.627397299 -1.929210424 -1.536599517
C 0.560312867 -4.092953205 -1.256702065
S -0.556371510 -0.298982531 0.043045916
C -1.504360318 2.546419859 0.064657696
S -1.448368549 -2.611333847 -0.583218932
C -2.450400829 -1.443072319 -0.152234003
Na 0.187609404 4.688639641 0.253383189
S -0.872412741 2.046844244 0.722755015
C -1.886083007 -3.434597254 -1.213953257
C -1.388329148 1.851133943 1.629940629
C -1.311619639 -1.399687648 -2.132568836
P 0.625398278 3.658716917 0.725972116
C 0.611272633 3.589143276 1.801993847
S 0.128303498 -0.987479925 -0.762767196
S 0.153203622 1.084742069 0.357159793
C 3.739347696 2.590854645 0.522738695
C -1.268894434 -3.104024649 0.299913853
S 1.639284134 1.714139581 0.275470287
