24

C -0.275985241 1.368386984 0.179950923
C -1.604719043 1.031704068 1.909230351
S 0.291421264 0.521526635 0.493794978
Na 3.899517059 0.776601195 -0.339914411
Na -0.699737430 0.803956449 2.352846146
S -1.016998291 -1.356656671 2.018878460
S -1.568621635 0.076657496 -1.755839467
S -2.076678753 -1.347127438 1.026744246
Na -0.785331786 -2.157661915 3.052420378
C -2.842400074 -2.172731400 1.342520118
S -0.014655274 -0.311181456 1.638425708
S 1.430459380 0.392859936 -0.289601326
S 2.737380743 0.458340168 0.294252396
S -1.976639509 -0.583081186 -0.310110569
C -2.906506538 -0.620842695 0.212264434
C 2.844700336 0.268130153 1.364087343
C 0.258062780 1.640703559 -2.823085308
C 1.923020363 0.046253268 -2.187711477
Na -0.955754161 0.321296334 -2.911290884
C -2.643036366 0.194111183 -1.863198996
C 4.048888683 0.528942764 -1.273907900
C 0.956955016 -0.944088340 1.886097550
S 1.119165182 0.382694155 -1.606061697
S -0.142506838 0.681206703 -2.410790682
