25

S -0.818216801 1.349531293 0.510267615
S 1.807819843 -0.919520199 -0.540287733
S -0.181590363 -1.280989170 0.652032912
Na -0.412997782 -2.445724487 0.954384863
Na -1.525776386 -3.049215317 1.513610721
S -2.552982092 -2.456339121 2.141008615
S 2.154983521 -0.122764543 -1.080656171
S 2.844479322 1.758373380 -2.793679953
C -3.355803490 -3.027790546 2.575011015
C 2.452762842 2.404284000 -3.593983650
C 1.488088489 -2.666834593 -0.091389485
S 2.453931332 0.801142454 -2.016870975
S 0.925489902 -1.781840801 0.130203471
C -3.200964928 0.247844383 3.770001411
Na -3.429316998 -0.588250935 3.338376760
Na 0.578408420 2.271525145 -1.444642186
S -0.926688075 0.064175740 0.816232085
C -1.281241894 2.517022133 -1.555122018
C 3.226959944 0.210048243 -2.693112850
C -0.687533617 2.046731234 1.319836259
S -2.624993801 -1.022482395 2.304425478
S -1.808303595 -0.209833726 1.447782278
C 3.892133713 2.057589293 -2.875822544
S -0.625145853 2.071805954 -0.826591372
S 1.606498480 1.771511555 -1.961014509
