22

C -0.736828625 2.084751844 -0.405740857
S -0.638066411 1.527583003 1.620025039
C 0.697379351 -2.347612619 1.061957479
C 0.754808903 -3.865450621 -1.048995495
S 1.175152302 -2.028851509 -2.028866291
C -1.360709906 1.681082129 2.555398226
S 0.201734170 -0.088084936 -0.479041159
C -1.879319549 0.908298790 -0.739498079
C 0.272770852 1.238001347 2.164158821
C 2.260838985 -1.961443663 -2.105640411
S 0.839976549 -2.916424990 -0.983818531
P 0.648753405 -0.674099386 -1.549880028
P -0.864139318 2.974263430 1.978643775
S -1.261361599 1.257833719 0.220813423
C 0.734627187 -2.428841829 -2.929317951
W -0.548449337 4.440121651 1.029380441
S 1.219320416 -2.608153820 0.252967536
C -1.784562945 3.434004784 2.171547890
Na 0.722895563 0.335121989 -2.316378832
C 2.244236469 -2.609975576 0.253036141
Na -0.320553780 0.312596887 0.637758315
C -2.378502131 1.335280180 0.641490221
