24

Na 3.802561045 1.572559595 0.622045934
S 1.439867377 1.676818848 -0.289363593
Na 0.698527753 -2.442128181 -0.007184636
S 2.876840353 1.406432152 -0.208959669
S -1.964370847 -2.620325804 0.943016529
C -1.365850568 2.214971542 0.835410357
C -1.330682158 2.884708881 -0.883637607
C -1.277696252 0.020756288 -0.592982531
C -0.273023397 -0.294630915 1.535411954
S -0.601515949 -0.299166113 0.395899981
S 0.137239382 2.038174629 -0.795378864
C -1.501939654 -2.400998354 1.831166267
C 3.145270586 0.989463329 -1.189622760
C 1.190315127 -0.205422208 -1.008217692
S -0.396523088 -1.724696398 0.001673931
Na 1.679613113 -2.303096294 0.601613522
C 1.765299559 2.817860842 -0.157565355
S -0.930625558 2.388146162 -0.086342715
S 0.697702348 0.352968395 -0.196219712
C -1.595246911 -0.042755298 1.052462459
C -2.710913181 -3.336005211 0.889076054
S -1.565433979 -2.217646599 -0.288984835
C 0.176824778 1.875722766 -1.828164339
C -2.096240044 -2.351712227 -1.175152779
