25

C -0.546804309 2.366843700 -0.398101658
C 2.415782452 2.290614843 -2.084425211
S 0.624169648 -1.299743533 0.218711913
Na -2.541977167 -1.169494987 0.716358483
C 0.515666723 -1.855042577 3.087962151
C 1.678866148 -0.652923942 1.314695001
Na -3.152325869 -1.336848617 2.029211044
Na 0.825564742 1.750837207 -3.426085234
C 0.868597209 -0.930498004 -1.859100938
C -0.933760285 -2.524294376 2.327715635
Na -1.716905117 0.866442323 1.550811768
C 2.546169043 0.734255612 -2.608058453
C 0.846253574 -2.383816719 0.102133334
S 0.060871504 -0.829830706 1.340932250
C 1.403631806 1.058179021 -0.157311440
S -0.147996664 -1.831303120 2.325496435
C -3.578530550 -0.471479565 2.374839067
C 0.109851792 2.207232237 -3.104848862
Na 2.126752615 1.638447762 -2.856333256
S -0.482051313 1.417522550 -0.807805002
S 0.670977056 -0.554244399 -0.932283580
S -1.495791197 -0.350010335 1.178898335
C -1.394986153 1.104338050 -1.277929902
P 0.642643869 0.782488108 -0.794710100
C 0.655331433 -0.027670560 1.739227772
