24

S -0.335438251 0.180306971 0.201735213
C -0.772809803 1.308438420 0.021463145
S 0.594125748 1.221827984 2.723567009
C -2.540042639 -0.901218116 0.478824168
Na 1.699200630 0.735676229 -3.073462963
C 1.601288080 1.068092465 3.032241106
C -1.364365697 0.793125927 2.072654486
C 0.011732744 -2.041371584 -1.586529732
S 1.219976187 0.383034647 -1.833894372
C 0.335192055 -1.298969269 -2.925317526
C 0.284656644 2.221163034 2.875497580
S -0.334777355 0.285462648 2.046173334
C 0.031226870 2.025253534 0.300109088
P 0.612840235 -0.264928967 0.859229922
C -0.675491750 -0.619267642 2.713801384
Na -1.678180814 0.250866652 -2.272696018
Na -2.040062189 -0.596514702 -1.401844025
S 0.527803600 -0.199589163 -0.696853399
C 1.614544392 -0.343652040 1.077184319
S 0.741820872 -1.149057746 -1.835751057
C -1.125367284 -1.855674863 0.504740655
C 1.735734224 -1.719057798 -1.841819406
C 1.414557695 1.414571524 -1.425292850
S -1.558163643 -0.898518026 -0.013760176
