25

C 1.185827851 0.288232177 1.235898018
S -0.549642265 -0.471132219 2.265074730
C 2.085459948 -1.537516952 0.475649387
C 2.077651501 0.391238928 -0.201477021
C 0.373880953 -1.222939849 -4.334908009
P -0.507749617 0.029311590 -0.331817180
C 0.048127849 0.050360758 3.040058851
P 0.185396016 -1.237036109 -3.559114218
C 1.560105443 0.027970511 -2.246221304
P 0.129511386 -1.148637772 -2.420713663
S -1.369968772 0.519204974 1.833696246
S -0.996153116 1.177331328 0.261554658
S 1.783303976 -0.820531905 -0.267914087
Na -0.138792276 2.301480293 0.822990596
P -2.444540977 0.841054320 2.615656853
C -2.100824833 1.544075608 0.171391711
C -0.758709729 1.451255560 -0.973801672
S 0.792537689 0.013905826 0.253916651
C -0.155729085 2.525519133 1.844049215
C -2.234835148 0.782082975 3.624073744
C -1.310059309 -0.585334539 -0.507553339
C 2.308891535 -1.371933460 -1.396847129
C -0.291517168 -1.419860363 1.934060931
C -0.956883073 -1.290879130 -2.454125643
S 1.284711599 -0.837222219 -1.683578849
