24

C 3.101868391 2.757416725 0.724345565
Na -2.574840546 0.368270427 0.071521603
S 0.258791566 1.241336823 -0.166466296
C -1.853612304 -3.933613062 0.150813833
C 1.873569250 1.511380911 -1.611523151
C 1.197478414 1.479081869 1.828145385
S 0.619786739 0.759230375 1.237962246
Na -0.557061970 -2.737043381 2.412392139
S -1.435385704 -0.528750360 -0.098295659
C -0.602586389 2.108855486 -0.303150117
S -0.570637882 0.254984111 -0.856303930
Fe 1.999507070 4.151928902 -0.614653647
S -0.461856812 -1.644945621 1.628392577
S 1.499421358 1.818804979 -0.627652407
C -1.035965800 -3.232124567 -2.203660250
S 0.262235403 -0.408443958 1.937593222
S -1.163980007 -1.844068050 0.487180173
C -0.725867748 -0.015743200 -1.929797053
S 2.315754652 2.817001820 -0.072273873
C 3.051446199 3.664515257 -1.549707532
S -1.667808771 -2.837524414 -1.495739818
S -1.568954349 -2.999827862 -0.211533666
C -2.522187948 -2.317558527 -1.754150033
C 0.560886562 -0.433165789 3.016560316
