23

Na -0.468586028 -1.430490732 -0.854987919
C 2.818075657 0.278278679 -1.903540373
C 0.629528761 3.074381351 -0.726325989
C -1.440953970 -0.178263262 2.416008949
C -2.467311144 -1.482193112 -0.944318593
S -0.731607258 0.054422170 1.622792482
Na 0.865250945 -0.153681561 2.394845963
C -1.030101895 1.103342652 1.589859724
Na -0.407628924 0.757232964 -2.570340872
C 0.135856882 -1.985421658 1.864623785
C 1.639015555 0.290292263 2.208138704
Na 1.887947202 0.411665022 -1.582806826
C 0.856292844 1.661384106 0.170070037
C -0.770271599 2.050687075 -0.500560939
S 0.294241607 -1.028955460 1.391242862
S 0.721894681 1.268069744 -1.964280486
S 0.302589059 2.044010162 -0.670757711
S -0.631784797 -0.811268210 0.340091586
C -0.599799514 -2.495367050 -1.036373496
C 1.221545815 1.873626232 -2.718930006
S -1.670314431 -1.542131305 -0.223821312
C 1.037559509 -1.674555659 0.833854735
Na -2.191439390 -2.085063934 0.865514219
