21

P 0.794132829 -0.451666921 -2.013464928
S -0.047797665 0.087959565 0.185041696
Na 0.145329192 -2.822645187 -1.565902829
C 2.551226854 1.063292027 0.634369135
S -0.923555136 1.173139930 2.455962181
C -1.559084773 -0.582240880 -1.282389164
P -1.992120147 -0.824802041 0.543068230
C -0.099527404 1.393803716 3.157424450
S 0.913724542 0.530035675 -0.924682438
C 0.163095206 -1.865667224 -3.454519749
C 0.278791040 1.996110916 0.955782473
P 0.316645026 -1.854909420 -2.397425890
S -1.213594794 -0.500608921 -0.344807297
Na -2.921691418 -0.476760507 0.909124970
C -1.887664199 1.061702132 2.932484627
S 0.539401829 -0.546915472 1.225946069
P 2.256958723 0.662680089 -0.305385590
S -0.346552163 1.170100093 1.257322669
C 0.573835194 1.475294828 -1.385521650
C 1.354003072 -0.092006192 -2.790196419
Na 1.104444623 -0.595896184 2.207768917
