24

Na -1.892911077 -0.098595299 3.249892235
C 0.618460178 2.516291857 -1.376718998
Na -2.367201090 1.103950620 -0.383428335
Na -1.360215783 -1.071061134 1.361307144
Na 0.130526766 0.814524591 2.181829453
S 2.512285948 -2.174765348 0.959470153
P 0.013241500 2.424769402 -2.116604567
C 3.351845503 -2.228529930 0.198627651
P 0.436677635 -1.357070804 -0.695948660
P -1.795849085 1.600678444 -1.334706306
S 0.909634471 -0.877821863 0.146309853
S -1.111992121 0.493715167 -1.198506355
C -1.070674777 -0.151611075 -2.094264507
S -0.037265785 -0.369701087 -0.622145891
C -0.115304343 2.005849361 -2.973740578
P 1.735096097 -1.094415307 0.851094782
S -0.724318206 -0.361881167 2.394959211
Na -1.296573400 2.852105379 -1.763889432
Fe 0.503356159 -1.286010981 3.340161562
Na 0.250099301 -2.239997149 -1.434994221
C 2.984618425 -2.141136169 1.953201175
Na 1.646872997 -3.324106216 0.878895819
C -2.336397648 1.141665816 0.644120216
C -0.984011769 3.823151827 -2.164920807
