23

C -0.628520072 -3.273711205 0.387591094
S -1.075203180 -1.448862910 -0.669811547
Na 1.029150009 -0.264636278 -0.535303354
C 1.503127456 0.321137041 -1.347767353
S 1.474028826 0.475286156 2.083290100
C 0.455297500 -1.957090020 2.262811899
Na -0.274395496 2.411999226 1.013347507
C -0.235671073 -0.564086497 -2.308812618
S 0.869354367 -0.251387000 1.046499491
S -0.926721931 0.983937144 -1.104653597
C 1.997962356 -0.155044600 2.811144114
C -3.094836712 -1.056840301 -1.175700426
S -2.284690380 -1.683695555 -1.392667770
S 0.263805032 -1.458520412 1.296807885
C -0.188853234 2.074558496 -0.965558290
S -0.345230758 -0.225395933 -1.224013805
S -0.529447854 -2.177656889 0.348817647
P 0.468627721 2.441338778 -0.000212690
C -1.856360793 1.363744020 -0.928078294
Na -2.376834631 -2.554789543 -2.286844730
Na 1.764115214 2.728846073 -0.138995737
C 1.531426311 1.540528059 2.345978260
C 2.459870815 2.730341911 0.482131749
