23

C 0.900634825 -4.043336868 -0.537421465
S -1.440907955 1.961015344 -1.733360887
S 0.177090660 2.903844833 -0.608669400
S 0.154126182 -1.124876022 -0.372452170
C -0.748274505 -1.679162025 -0.608372509
Na 1.025417447 1.926736593 -0.738794088
C 0.857208908 4.733897209 0.077400982
S 0.766241729 -3.333906174 0.253727853
Na -1.416480184 4.389628410 -1.482164621
C -0.912705362 -0.018990662 -2.492130518
C -2.462080717 1.949866533 -2.089588642
S -0.946839809 3.236404657 -1.234024882
S 0.951628745 -1.977135539 0.472876668
C 1.856958032 -1.440046787 0.933981836
As 0.413622409 -3.064705372 2.041726351
C -0.744550049 -2.250336647 2.089675426
Na 0.242859483 4.028842449 0.412350178
C -0.113470383 -3.963579655 1.090966582
C 0.114799313 3.563891411 1.295941234
S -0.687307775 0.726296484 -1.719494700
C 1.708225608 -3.204689264 2.498828173
Na 0.250700653 0.196065351 -0.851265073
C 0.053102948 -3.515725136 3.300264120
