22

S 1.670189142 -3.070488214 -0.459187269
C 2.917628288 -2.499778748 -0.725784838
Na -1.837231755 2.591607332 1.980136156
P -1.245977163 1.194045544 0.265381515
Na 1.816685677 -3.759438515 0.599711895
C -2.149331093 0.479869574 -1.331827998
Na -0.099775217 -1.656746984 1.820047855
C -2.506920815 0.672158301 1.998485327
Na 3.726534605 -1.555954576 -1.061715364
C -0.756866395 2.488569975 -1.018302560
S -0.950789690 0.000416549 0.593473494
Fe -0.005829729 -1.170809031 -1.176571131
C 0.444484174 2.511036158 0.309019834
Y -0.830955565 -0.243381083 -2.942541838
S -1.204502463 3.261926889 1.147442222
Na 3.306793928 -0.409072846 -1.231586337
C -1.111597776 4.266471863 1.050545812
S -1.810275555 1.124456763 1.367337346
S -0.603068471 2.371884108 0.185708925
S -0.254226178 -1.128169060 0.696890950
Na 0.959544718 -3.528524160 -1.576017976
S 0.525487781 -1.940078735 -0.490646571
