22

Na 1.949162364 -1.153642535 -3.712776423
C -0.536205769 -0.178059459 -3.184912205
C 1.298444033 -0.315327346 2.887449265
C 0.993000329 1.281286597 2.401229620
C -2.255923986 -1.220245838 0.766968071
S 0.612986863 0.272555619 2.259042978
C 1.722314596 -0.858795762 0.722415268
C -1.879568577 -0.633440077 -1.455106974
C -1.186935067 -0.731123805 3.350359440
S -1.638794065 -0.334582508 0.500125408
S 1.120038033 -0.860844374 -3.105860233
C -1.264132261 0.981648922 3.107458353
S -0.374694169 -0.091927774 1.333340168
Na 1.517869353 1.894392729 -0.913774252
S -1.001273274 -0.411880374 -0.910272837
S 0.190364733 -0.227532908 -2.349391222
S 0.274273753 -0.114185609 -0.988186061
S -0.809087694 0.121043280 2.783243418
S 0.783238113 -0.366835088 0.575202167
S 1.213163376 1.067867756 -1.827455997
C 1.603524804 1.363021731 -2.876869440
C -2.331764698 0.516607106 0.637771785
