23

S 0.934261799 0.842964351 1.998662472
C -1.390296698 -0.146434695 1.660218835
C -1.920666695 -1.424718261 -0.890153885
P -0.351182431 -0.308847189 -0.539323151
C 1.512182236 1.120498419 2.875205994
Na -0.344275206 1.046146750 2.146155834
C -1.510192871 0.404364794 -3.119187832
C -3.512836933 0.251268536 -1.173629642
Na 1.860584617 0.488341928 1.049671173
Na -2.752871037 0.400774091 -0.604650378
P -0.833620787 -1.172591329 1.550301194
S 2.241572380 0.843292415 -0.174208105
P -0.219978437 -1.640865803 2.668303728
S -1.726755261 -0.400087357 -0.739040196
C 3.127310038 1.424405575 -0.146978691
C 0.773447931 -1.468167186 2.869358778
C 1.933855295 1.457025409 -2.199097633
S 1.640790701 0.771436691 -1.417604804
S 0.618861198 -0.173618361 -1.506742239
W -1.543454409 1.784697056 -2.977529049
S 0.054353368 -1.184405923 0.471283495
C 0.602239609 -1.008966446 -2.197741032
C 0.806671917 -1.906513691 0.396726042
