22

S 0.884319544 1.304629326 -0.184179723
S -0.772545338 -3.286763668 1.772704005
C 0.269211084 4.151124477 -1.576045513
S 1.939052224 3.427616596 -0.494092733
Na -0.850360274 0.842364490 -1.772820592
S -0.572082698 -0.859851241 0.738481224
C 1.774227023 0.850366116 0.173412457
S 1.142352700 2.505804062 -0.580047190
C -1.228331089 -4.290687084 1.749543071
C 0.288578123 -3.460699320 1.390229464
C -1.119522333 -0.887376547 -1.699468136
C 0.164211079 -1.036175489 1.415225744
C -1.702844858 -2.397803307 0.047009602
Na 2.949804783 3.583025932 0.101709880
C -0.889143109 1.640532970 -2.026119471
S -0.403974414 -0.349305034 -1.084038496
C 0.469415754 -1.105361581 -1.114367485
C -0.964936197 0.478020072 0.771338463
S -1.143406034 -2.201999187 0.835688949
S -0.236634314 0.358760625 -0.118864857
C -0.905090630 -2.899118423 2.825215340
P 0.907698512 3.632896423 -1.170513630
