20

S 0.383813471 -1.590098381 -2.737857580
C -1.076099157 -1.027820826 1.950774431
S -0.051405169 0.653211892 1.182598829
S 0.253754944 1.703479886 0.327314943
S 0.257589817 0.171251446 0.188396499
S 0.988637388 -1.121861577 -0.585358322
C 1.106305838 -1.832718134 -3.389946938
C -1.264449596 3.236745358 0.156595394
S 0.696185946 -2.128150225 -1.551293612
C -0.427015692 -1.040582538 -2.903150797
S -0.906071007 -0.004285208 2.032078028
C 0.380895227 0.635309756 2.091138840
C -1.083449721 -1.349741578 -0.305827022
C 0.947484434 2.242362499 -0.272751629
S -0.099322453 -1.057078958 -0.337431937
C -1.618726492 0.451614588 2.707137346
Fe -0.674008429 3.455153465 2.582143068
C 0.777559519 -3.118764162 -1.416164160
S -0.615744412 2.782145977 0.795101821
C 2.024065256 -1.060173154 -0.513496459
