26

C 0.168281093 -2.887681961 1.527613521
Na 0.244089410 2.574039698 -1.744754553
C -0.513140857 -4.094371319 -1.023327827
S -1.079186678 3.927504063 -0.291102380
C -1.564923167 4.669530869 -1.961534619
S 0.456757694 -1.177370310 0.417418152
S 1.957760215 -1.487669468 1.105793238
P -0.285186023 -2.309105635 -1.291314840
C -1.779678464 4.332616329 -1.255298018
S -0.448816806 1.451219559 -0.279428989
Na 0.155744731 4.169130802 -0.217329979
S -0.458310783 -0.116942890 -0.105210759
C -2.170450449 1.299936175 -0.696213722
C 1.228752851 -4.499417782 0.543757498
C -1.860570431 3.999353409 0.405203015
C -1.810475588 -1.659409761 -0.048273079
C 2.949102163 -1.564860940 0.557308435
S 0.964465678 -2.302159071 0.879466534
C 1.847931862 -0.973588049 2.967863321
S 0.915241241 -3.547813654 0.306415796
C 0.462696284 2.133949757 0.221212149
P 0.285207987 -3.439964294 -1.006980658
S -1.249090195 0.963389933 -0.407219261
S -0.757440269 -1.456663489 -0.292518467
S -0.067856587 2.866618156 -0.528557956
Na 2.409095049 -0.870268524 2.217013359
