22

C -0.411350429 0.652099252 2.018988848
C -1.267637014 -0.681125343 -0.174906760
S -1.968412042 0.579788268 0.373050898
C -0.663238525 3.662167072 0.601487398
C 0.304904670 -2.971132517 0.995702624
S 1.333276749 -2.291682243 -0.772010446
S -0.689939678 0.442011029 -0.011387401
Na -0.015568777 2.873797178 0.314397395
C -2.766631603 0.105187349 0.917001486
Na 0.918763399 -3.393401861 -1.394386411
Na -3.009646177 2.528681755 0.198292613
P -2.620908737 1.771864891 0.254981726
Na 2.192653179 -1.382678032 -1.438767791
S 0.247743368 0.233285531 1.227676988
Na 0.808434784 -1.055163503 1.436024904
C -0.794953942 2.463012457 -1.409136295
C 3.680239677 -2.585150719 -1.282607317
Na 3.223713160 -2.114817381 -2.069242954
C -0.089844309 0.599955678 -0.980173707
S -0.416569024 1.914911032 -0.545140803
S 0.788657546 -2.104152441 0.574753881
C 1.216313601 0.752543151 1.165401340
