23

S -1.220414042 2.482987881 -0.779609919
S 0.388827085 2.527901173 -0.382946193
S -0.774313748 -0.383601606 -0.251132250
Na -1.215051413 -3.966257095 0.632816136
C 0.020558102 -2.325036526 -1.019337058
C 1.797469854 4.230177402 0.212405875
P -1.468284011 -1.509830713 0.217765123
C 2.416836500 -0.962994874 1.113766909
S 0.929616213 1.390013933 -0.241361663
S -0.164061353 0.576012254 -0.425005376
C 1.955187321 1.209514141 -0.011623760
S -1.014119506 -2.831801653 0.449274778
Fe 1.279546142 -2.634284973 1.838544250
C 1.851318955 -1.385833383 -0.454691797
C -1.599174500 3.038601398 0.110160217
C -2.510885239 -1.521633863 0.128894016
C -2.199095249 0.591008067 -1.564924121
S -0.191429794 -1.818976879 0.041739464
C 2.215994835 -2.567557335 2.778685093
S -1.341915727 0.914687037 -0.951625109
Na -1.865206957 2.992996693 -1.898161769
P 1.139702320 3.561129332 -0.168313637
S 1.568895340 -1.607219577 0.624680579
