20

P 0.300316393 -0.585607708 2.577929974
S 0.437309951 -0.140734136 1.358528733
Na -1.917204499 1.192962170 -1.240985751
C 0.076256379 -0.309734613 -3.212926149
S -0.783698916 0.194505140 2.035405397
P 1.258446336 -0.067173041 0.570395350
C 0.707695425 -1.589265704 2.513178587
C -2.463453054 0.435729623 0.806385696
C 2.211678505 0.428405732 -1.959415674
S 1.301975250 -0.101260521 -1.984353662
S -0.949743450 0.229472518 -0.960242212
C 1.501245856 -1.143199682 -1.858804464
S -0.084143586 0.120274834 0.160936221
S -1.385676265 0.335976183 0.632421792
C -1.297222376 -0.815117776 -1.348041773
C -1.420933604 0.639045298 2.803882599
C 2.209228277 -0.200300336 0.475978583
C -0.206672847 1.310023546 -2.726691246
S 0.051554915 0.333685338 -2.233012438
C 0.453040630 -0.267686963 3.589430094
