23

S -1.713916779 1.738597870 -0.240926996
C -3.073053122 -0.005581649 1.582575440
S -0.964606822 -0.011230998 1.334754467
S 1.274055600 -1.109222174 -1.240938783
C 0.826590896 -3.138452053 -2.052914381
S 1.786557913 1.111721992 0.505799949
C -1.071407437 2.304925442 1.615151882
C 2.092999458 -2.218127251 -2.888813972
S 2.162376642 -0.124854416 -0.620452404
C -1.812651634 2.761322737 -0.645823061
C 1.680765986 0.910827219 1.633048654
C -0.759461522 -1.131651044 -1.776989818
S -2.240175009 -0.615661919 1.735872626
C -2.125691414 0.984933615 -0.896555364
Na 2.753477573 1.755274177 0.137597784
C -2.325885773 -1.564377546 2.134323835
S 1.367175698 -2.216491461 -2.108495474
Fe -0.305595100 -0.669028103 0.369379431
C -0.198112816 -0.437693059 2.106585503
S -0.049492911 -1.024437785 -1.016497016
S -0.970357478 1.483104587 0.875363946
C 3.064738274 -0.433417082 -1.059529781
C 0.601670563 1.649518251 0.517483950
