25

C -3.561181068 2.225225925 1.167185307
C 3.948629618 -1.483725667 -0.026154291
S -0.853616297 1.544906616 2.557755470
S -1.032132864 0.283682674 -0.770676136
C 3.518097878 0.877364099 -0.337357461
C -2.175670385 0.021593535 2.595622301
Na -0.244339079 -1.529402018 -2.279163122
S -2.098810911 1.047742486 2.372525930
Na 1.482189059 0.504700303 0.381347150
Na -3.080571175 1.964659572 2.011314154
C -0.670219064 1.279946804 -1.047683716
Na -0.720875800 -1.591634035 -3.174906492
S 2.769753218 0.168886885 -0.186602905
C 1.255028844 -0.055023935 -2.237124681
S 0.952851772 -1.019840121 -1.798741817
S 0.368425757 -0.072842173 -0.234570518
C 1.700481653 -1.716216207 -2.204897404
P 3.280822515 -0.971388400 -0.506655335
Na -2.378863811 -1.327807426 0.261557817
Na -1.617388725 -0.720231950 -0.108934358
C -1.945669770 0.195985124 -1.494947076
Na -0.226421610 1.468588948 3.578377724
C -0.475165904 2.058740377 1.716071010
C 0.986476600 -1.945323229 0.163662568
P 0.818169713 -1.208588600 -0.397003144
