25

C -1.454027653 -2.185863972 1.181795955
C -0.813640594 0.643786132 1.532671452
Na 2.506237984 -1.420358777 0.854166269
Na -2.197032928 2.765395880 1.223120332
C 0.380939245 3.246068478 0.337650746
Na -1.811028481 -2.675614595 0.686109662
C 0.654035389 -0.371108383 -2.438757420
C 2.654432535 1.247973323 0.033124819
Na 3.169639349 -1.324860573 -0.076424718
S 0.255770862 -0.936318815 -0.648521483
S -0.418672562 1.280896306 0.678468049
C 0.833970547 -1.022581220 1.970445752
S 0.268833458 -2.303277493 -0.816573381
S 0.479001939 2.193696737 0.407120883
P 1.159791112 -0.745734513 1.040199280
C 0.565581262 -2.948457718 0.016146969
Na 1.169725180 -0.471581250 -1.637801886
S -1.517233133 2.238021135 0.342326164
C 0.600344956 -2.780675650 -1.664852262
Na -0.826528132 -1.429817677 -1.145085454
Fe -3.456962347 0.017450398 0.106573865
Na -1.842532635 2.729069710 -0.913098156
C -2.456695318 2.398283243 -1.591048121
S 0.233777747 -0.030931266 0.364982188
Na 1.862272739 1.886541367 0.157260343
