24

S -2.338450909 2.211989641 1.909923553
Na 2.390014887 0.111408055 -0.255738676
C 2.619992971 -3.097055674 -1.369540930
S -0.208543345 0.714478433 0.131865308
S 2.198430538 -0.406277001 -1.235515356
C 0.404650509 1.497535229 0.119168699
C 3.392159224 -0.551945269 -2.632291555
C -0.612050176 -0.068891466 -1.517890334
S -2.069371700 0.936553955 1.353204250
S -1.415143371 3.266138315 1.356917024
C -3.322215557 2.743728638 1.791793704
S -1.338420630 -0.002329799 0.813251376
S -0.423021227 -0.337263763 -0.452672154
C -2.219496727 2.085147142 3.030776501
Na 0.258136302 -2.497012377 0.656839669
Na -1.064928651 4.062733650 2.150223732
C -1.602192163 -0.911479175 1.319962502
C 1.525850892 -2.569139719 -2.848761559
S 1.876708388 -2.385065794 -1.847641706
P 0.741664231 -2.422771692 -1.084335446
C -1.134737849 3.519129276 0.373092979
P 2.709989786 -1.129038334 -2.123790026
S 0.185274109 -1.746239901 -0.344617367
C -0.554298162 -3.024331331 0.705774784
