23

S -2.148289442 -1.399979591 1.018353820
C 0.628790259 1.737230062 -1.777493715
Na 3.133609533 0.975774288 -0.034719769
S 2.024452448 0.381114274 -0.500881493
C 2.033888340 -0.144980416 -2.585462570
Na -0.938762069 2.486231089 -0.044773106
S -0.267969877 1.198232770 0.268750787
Na -1.177077055 -2.592482090 1.198294044
Na -2.558950901 -2.559681892 0.960521460
Na -4.215281963 -0.521054149 1.410627961
C -0.847132564 3.101575851 -0.655224919
C -0.987539828 0.726609409 -0.676808834
S 0.173081353 -0.368335843 0.330837309
C 0.514017642 1.695915818 1.128283501
P -3.005377293 -0.404014915 1.323774695
S -0.731706023 -1.487734795 0.375770509
Na -0.244156614 -1.938001037 -0.701724350
C 2.685386181 -1.434486151 -1.449312210
S 2.326444626 -0.450988173 -1.632849455
C -0.956431210 1.036305308 1.253838658
P 1.443336487 -0.418355346 0.697639346
Na 0.951227367 1.486686468 -0.817100048
C 2.164441109 -1.105582356 0.909658432
