25

C -0.350408673 -2.531908751 -0.378113180
S 0.580057740 1.218658090 -1.677454710
W -2.371150017 1.823596478 0.414705008
S -1.165301323 2.613833427 -2.556477070
C 0.649166822 0.956088722 -2.723470926
S 0.176733866 -1.764471292 0.224965334
W 1.711693168 -3.896209717 0.997076333
C 0.056350242 3.162988901 -0.917313039
C -0.049702223 2.251259804 1.305424333
Na 1.282180071 0.491054624 -0.806875169
Na -0.958368003 -2.420227766 2.109819889
As -0.643895030 1.242660880 0.791876197
Na 2.622018099 -1.471211910 0.110025421
S -0.225696713 2.399448395 -1.620711327
Na 1.515031815 -2.278059483 0.233806819
C -0.747888148 -3.187975883 2.468998432
C -1.916067123 1.935452223 -2.848347664
C -1.117953300 3.466799259 -3.060673952
Na 2.366101503 -0.218714416 -0.440776139
C -1.160092235 -0.360609323 -0.505920827
Na 0.829837441 -0.761179507 2.462308407
Na -1.608577132 -0.834791124 2.351605892
S -0.475165665 -1.204730749 1.683281064
C 1.442086697 -0.127508819 2.068695784
S -0.440991938 -0.504241884 0.313544393
