25

S 1.162197709 -0.047871958 3.005671263
Na 0.103248596 3.873937845 -4.938686848
C -1.765988111 2.132718325 -2.722364426
C 0.154858500 -1.653982520 -0.779635370
C -1.095089555 -3.413308859 3.652381897
C 0.836067438 0.797767937 3.568569899
C -0.166319281 1.856553555 -4.524905205
S -0.254530728 2.840330601 -4.175692081
P -0.695222497 -2.851748943 4.073875427
S 0.512843668 -1.132426143 2.902775049
S -0.079761244 0.855053902 -1.711049438
S -0.834035099 2.675910473 -2.782970428
S -0.047946021 -2.119215488 4.097749233
C 2.041708946 0.158807769 2.443520308
P -0.188394472 -0.857707858 0.233307198
C -1.256598949 -0.711973488 0.411739647
C -0.104176253 1.946698308 -1.963208079
C -0.909695208 -0.323576480 -1.982227921
C 1.322663784 -0.473573446 -2.000151157
S 0.125855967 -1.596045852 1.552546978
C -0.936026633 3.773467541 -2.531776428
S 0.237407923 -0.365936220 -1.279307604
C 1.857247114 -0.340325058 -1.251528978
C -0.044703666 -2.390460253 5.281304836
C 0.024387958 -2.633093119 1.420063376
