22

C -1.242623568 -1.980664968 -0.523909569
S 0.406439126 -1.437171936 0.572821319
C -0.878885031 2.842338800 -0.456572652
Na 1.680102110 2.516746759 0.469638884
C 1.706271052 -0.345353216 0.548030555
S 0.751114726 0.071795017 0.409364432
C 0.673633218 -2.200776815 1.879627466
S 0.153083161 0.510692596 -0.871601522
As 0.894713938 -4.437550068 0.680394292
S -0.034541633 -2.741356850 1.099532723
C -2.037713528 0.785556614 -1.305489540
C -2.111943483 -3.093120575 1.546499133
C 0.530661225 -0.129692495 -1.687601089
Na 0.791245282 3.575366735 -1.804959536
Na -0.330415368 -2.177924156 -0.154828995
C -0.648804188 2.541987658 -2.218794823
Na 0.109133691 0.383377999 1.478049040
Na 1.168507218 3.528751135 1.026855469
S -0.017654810 2.727785587 -1.251526475
P -1.117934585 0.474958688 -1.133940339
S 0.710058212 1.662804484 -0.280296504
Na -1.154446602 -3.078552485 1.978707552
