20

S -0.234314218 0.276948839 0.422274649
S 0.915973008 -0.627359033 0.857945502
S -0.209852025 1.283511639 1.384477973
S 0.723062277 0.664082468 -0.999166131
C 0.888497114 -0.581665456 -0.652294576
Na 3.011067629 1.764404655 -1.248414397
Na 0.405518055 0.854536474 -2.335264206
C -2.770690680 -2.184612274 0.135358617
P -1.603616238 0.199881479 0.154251724
Na -0.179818526 1.881422758 2.085331678
Na 2.001916409 -0.135574386 1.274941206
C -1.084000826 -1.758907080 -1.226212978
C 0.136693329 2.697378397 -0.528393567
Na -2.482894659 0.954291940 0.226145297
S 0.862623692 2.118839264 -0.561252058
S 1.874248385 1.649012327 -0.786797285
C -0.198612213 -2.945451021 -0.033365861
Na -1.906006336 -2.387123108 0.616226435
S -0.953425944 -2.218294382 -0.262948066
C 0.803632379 -1.505323291 1.477155805
