24

C -1.723963857 1.295796633 -3.538248301
C -1.109166980 -0.244492412 -2.948112965
Na 1.634966016 -0.035691846 2.582885504
Na 1.325179338 -1.042545438 -2.704078674
C -2.047533512 0.207647771 3.488271236
S -0.658790410 -0.446669281 1.885167360
C -0.927163601 2.503241539 -1.608092546
S 1.125799060 -0.429044038 -0.407503307
S 0.057370011 0.467013776 -0.680953741
C 0.978193462 -2.398313999 -1.345719099
Na 2.625661850 -0.424467713 -0.071962044
C 1.007906318 -1.854013920 1.841956854
C -0.419480354 0.797199607 3.740557909
S 0.249968469 -0.220127463 0.605355978
S 1.137750745 -1.374800205 -1.526886344
C 0.323190182 1.584568501 -2.286323786
P -1.274828911 0.692897797 -2.899540901
Na 3.423021078 -1.413446069 -0.327426374
C -1.380703449 1.459738493 2.315177679
S -1.160103321 0.573805094 2.926153183
S -0.682778656 1.346001983 -1.659107566
Na -1.640971065 -1.350810170 1.630270004
S 0.764720500 -0.783351243 1.938133955
C -1.628241658 1.089862347 -0.949973643
