20

C -2.399730444 -1.021437883 -0.639576554
S -0.362965256 0.746511161 0.446390361
P -2.276942730 -0.048997793 0.101601303
C 1.955551863 -2.360890150 -1.314919829
S 0.790754557 -0.695440590 -1.246241808
C 1.148498893 2.007928133 0.891125977
S 1.021767020 0.168918923 -0.192116484
C -0.360002190 -0.676448882 -1.351983905
C -1.580813646 -0.151478469 2.519794464
C 2.824252129 -0.942886233 -2.163432598
C -2.905554533 0.545402110 0.533543229
C -0.646123886 2.022997379 0.089892142
S -1.240698695 -0.258985251 -0.404911339
S -0.848881006 0.624672413 2.121430635
S 1.838985682 -1.498073816 -1.992927551
C 1.657498002 -1.911638260 -3.045136690
C 0.070001520 0.501527429 2.770458698
C 2.000337839 -0.093368448 0.214469954
P 0.622946143 1.428201795 0.326621443
C -1.308880687 1.613486290 2.335918903
