26

S 1.212172151 3.264967442 -1.258263826
C 1.737842441 3.146158457 -0.283139825
S -1.054817200 -0.206755221 3.456170797
S 0.261742502 -2.069041014 -0.792656422
C 0.274769485 3.812556267 -0.928007483
C 0.324940056 -3.371794462 0.736491501
C -3.168487787 -2.443940639 -1.604171276
P 1.484794617 -0.048519716 -1.093708634
Na 1.466423988 3.998615026 -2.500015497
Na -2.152256250 -2.627156734 -1.498935103
Na -1.185093760 -2.454812765 1.985944033
P -0.965159357 -2.526044846 -0.966490030
S 0.855964899 0.858552575 -0.722068608
S -0.802779555 -1.463833451 1.369529128
Na -0.051376786 1.014616013 0.357479066
Fe 0.306190312 -0.760731161 3.943481684
C 1.307064891 4.913010597 -2.755866766
S -0.246729285 -2.500401258 0.335759521
S -1.454737186 -0.323068410 2.057453394
Na -1.936708450 0.267665476 4.329801559
S -0.620191038 -0.015801523 1.074711323
C -2.535292864 -0.239007071 1.836417079
S 1.348314524 -1.405850291 -1.213300347
S 1.470364213 1.661225677 -1.625699997
C 2.109960556 -2.003764629 -1.688577414
C 2.013085842 1.523156047 -2.552337170
