24

Na -1.196113825 1.288672566 0.005381200
C -0.825864911 0.809089184 -2.615701675
C -0.784948468 1.608001828 4.132208347
C -2.183161259 -0.733912647 -1.067992210
S -1.547246099 -1.023661017 -3.297955513
S -0.706172407 -0.293374956 -2.547697544
C -0.712875605 -1.932996750 -1.284215212
S -1.063600659 -0.861059010 -1.041683555
S 0.544984996 0.538911879 3.044524908
Na 1.950852394 0.032746408 2.694139957
C -1.325176358 -1.917958140 -3.731354237
S 0.982908309 0.668378413 0.392855346
C 1.212394476 1.691172242 0.163726673
C -1.112079263 -0.145779476 4.104819775
S -0.529680490 0.663869083 3.809412956
C -2.481251955 -0.704995334 -3.471158504
C -0.825734615 -0.927771747 0.201876387
S -0.420332551 0.198816299 -0.044077173
C 1.284969568 2.015154600 2.249265671
C 2.522260904 -1.164999843 0.534399271
As 1.096918225 -0.543742895 -3.295105219
S 2.137500525 -0.233947292 0.005765339
Na 2.794689178 0.073127232 -1.014438272
S 1.186760306 0.896259665 2.073002815
