22

C 1.770836234 2.671795845 1.155268073
Na 0.748617113 2.891401052 -0.726628125
C -2.664683580 0.333341837 -0.994435430
C -0.770105660 -2.508790255 -0.849601090
Na 2.537266016 0.944532514 -0.321811795
Na 1.405051112 -0.299978971 1.430309653
S 1.024784684 2.233908176 0.458535880
C -2.493464708 -1.995876908 -0.938457072
C 0.096271373 2.294244766 1.100499392
C 0.940331221 -0.689334691 -1.098742604
S 0.849389017 -1.611007094 1.589386702
C -0.122673847 -1.789771080 1.479081869
S -0.801545262 0.224066153 -0.165416837
S -1.628390312 0.300971717 -1.359034061
C 1.466959357 -2.424898386 1.831452012
C -1.133973956 0.168982059 0.815390646
C -1.438407660 1.232766271 -1.924044728
S -1.470685482 -1.884701967 -1.271242380
C 1.030738235 0.128340274 2.273255110
S 0.506860375 -0.006447245 -0.493538797
S 1.424601555 0.718670964 0.247779116
Na -1.277775168 -0.932215631 -2.238005877
