21

P 1.738615513 -0.046854030 -2.723063469
C 1.413456082 0.176316813 -3.725375175
C -3.815223455 0.087162264 2.914075851
C 2.034384012 -0.422315925 2.552702188
C 2.402981043 -0.767544925 -3.118265390
P -0.869274437 0.148470297 0.019811668
C 2.498530388 1.197737336 1.935994267
C -4.011498451 -1.299921632 1.797822833
S -3.558194876 -0.344424933 1.873182535
S 0.033162657 0.009749224 -1.046505213
S -2.207418442 0.293766379 -0.172189340
S 1.182399988 0.004086433 -1.536472678
Na -0.338450342 -0.254178196 0.975979507
S -2.859329462 0.074128330 0.868748844
S 2.146585226 0.365566492 1.965374827
C -0.466060162 -0.155727580 -2.004611731
S 2.028004408 0.076800615 -0.241983742
S 1.677352905 0.398036927 0.784002244
C 3.171336889 -0.197149456 -0.174511194
S 0.464192629 0.088919789 0.195409745
C -2.665552139 0.567375779 -1.140126944
