20

S 1.071847677 -3.227181673 0.043571722
S -0.301358074 2.424124479 -0.290495068
Na -1.103064060 1.657767415 -1.123322964
C 0.638095737 -1.359308004 1.946386099
C 1.629996538 0.350780457 0.311755955
C -0.734056532 3.516543388 -0.252577782
P 0.612086654 0.005843636 0.074137144
C -0.208209336 0.161542445 1.812938690
C -0.402756691 -3.573005915 -0.948268890
C 1.311818838 3.299352884 -1.227588296
P -0.111011915 -2.981200695 -0.146495670
S -0.557473898 -2.038922310 0.463147253
Na 1.125563264 2.451604366 -0.961232066
S -0.627118409 0.747600615 -0.110908039
C -1.607164025 -2.173221350 0.578011096
S 0.099350862 -0.710368752 1.117895603
C -1.602701664 0.348249018 0.163231805
Na 2.059092999 -3.511715174 -0.227277100
C -0.093089864 2.475481033 0.806438625
C -1.199848413 2.136033773 -2.029348373
