22

Na -1.808418870 -3.218276262 -0.209956318
Ce 0.334107846 -1.156630516 -3.665133953
P -1.307798862 2.006377697 0.309344232
S -1.170961380 -1.429522991 -0.913516402
S 2.856104851 2.114972115 -0.188543543
Y -0.633208692 -3.353559494 4.573305130
C 1.369132638 0.322118789 -1.199388981
C -1.530454516 -2.196925402 -2.430659056
S -0.981691360 0.693915248 0.427318335
S -1.269320607 -0.715266526 0.519711435
W -1.917994022 3.584874153 0.720555425
Na 1.571297884 1.974372864 0.325664014
C 3.161922932 1.692709327 -1.200673342
S 0.841620326 0.973116815 -0.618404150
C -1.282902479 0.069913365 1.110755682
S -0.352592945 1.274655223 -0.297754645
Ce -0.948587477 -2.565666676 3.000139713
C 3.128690243 3.220118999 -0.315905482
S -1.304837584 -1.438687325 1.581837773
S -0.765159070 -1.560478687 -2.143212557
S -1.416053057 -1.889443755 0.014119635
C 3.427104473 1.597313166 0.600396335
