25

C -0.590073168 -1.886482358 0.435705304
C -0.661241114 -0.460318208 1.511424303
S -0.590633690 -0.811966479 0.490618199
C -0.256774753 2.812868118 -0.144770533
Na 2.909330130 -1.773625255 2.439120770
S 0.766899884 1.068966866 0.430756867
C -2.203829765 3.258552313 -2.639400244
C -1.634926438 -0.721233785 -1.462781429
S -2.384761810 1.675098181 -1.519673467
C 1.742030263 -2.981359959 1.267461777
P -2.087430239 2.262953520 -2.646713734
S 2.051968336 -1.210872293 0.039647453
C 0.848063469 -0.226476073 -1.248477221
C 3.446524620 -2.767983913 0.714046896
C 1.364108682 1.547636151 1.161947846
C 2.657214880 -1.292476177 -0.854136288
S -1.703380942 1.234271646 -0.299459189
S 0.923447609 -0.271026313 -0.106649980
S -1.719390869 -0.364844054 -0.362049669
C -2.269229889 1.525797129 0.603014410
S 2.538976908 -2.221536875 1.137567043
C -3.433837175 1.514807105 -1.486153364
S -0.332923949 1.752808213 0.009336473
C -2.696354628 -0.742948771 0.016682470
C 3.316223621 -0.920609117 2.512935638
