26

C -0.367937028 1.614116669 1.024631739
C -0.921059906 -0.318889827 0.988318503
S 1.239323974 -0.222668514 -1.109082341
C -1.256189227 -1.560289145 -3.273656368
C -2.267031193 -0.945406020 2.924743891
C 0.051082697 0.618367195 3.698632002
C 1.770557642 0.071278833 2.188328743
C 1.991734624 1.333082438 0.818288743
S -0.169773132 -0.184120610 -1.034788966
S -1.323771477 -0.806782126 -2.606372833
S 1.310132861 0.455185205 1.267140627
S -1.504809499 -0.253874332 -1.426409602
S -0.212342978 0.564637959 1.413530827
C 2.869073391 -0.564713359 0.104695015
C -1.133408904 1.695441365 3.082458258
S 1.943875432 -0.046964355 0.109588526
S -0.751411319 -0.623761117 0.015954306
W 3.602148056 -0.814703584 -2.843173504
P -1.164269686 0.431796163 -2.144709826
Na -1.741470456 -0.259372920 3.289370775
C -1.155307651 1.353002787 -2.325475454
C -2.457045078 -0.336513221 -1.096806169
C -0.844602168 -1.701692820 -0.053080387
S 1.882081866 -0.276311398 -2.441894531
Na 1.326912522 0.082461827 -3.480272532
S -0.716492534 0.696693420 2.910040140
