20

Na 2.276377439 -1.397657275 -1.329146981
C 0.474122375 0.798126698 -1.841991425
S -0.395389467 -0.204164162 1.882553697
C -1.348236442 1.566880703 -0.627416790
C 0.054465152 -0.737615108 2.575049162
C -2.959947109 0.650152266 1.147133112
C -2.745557308 1.722911716 0.998417258
S 0.373904914 0.140451476 -0.976062179
S 1.407912016 -0.026491836 -0.043521825
C -0.922242403 -1.365160465 -0.714104235
S -0.626789927 1.074163198 -0.106755383
C -0.709093571 1.246934772 2.153598547
P -0.060349487 -1.152666569 -1.149223447
C 2.786333084 -2.036567211 -3.042845488
C 1.820153713 0.055931136 0.864904165
P 1.244224310 -0.777715206 -1.124006629
C 0.371657878 1.917572498 0.849978328
P 2.290913582 -1.695000648 -2.277391195
S -0.361730754 0.990795910 1.152266860
Fe -2.970728397 -0.770881832 1.608564138
