23

S -0.515522063 -1.499720573 0.400505751
C 1.643287420 1.163941622 -0.302129358
C -2.040117264 -1.719680429 2.178872108
S 0.755090058 0.630180061 -0.633310080
Na -1.236868739 2.187478781 0.273943454
C 0.022476133 -1.522444725 3.092220306
S 1.287810206 -0.262954950 -1.618422985
C -0.860243917 1.541078329 -1.475128293
P -2.485225677 -0.160554186 1.334968448
C 0.174112990 -2.138746023 -0.238464192
S -0.503789723 1.240290403 -0.489701569
Na 2.423949480 1.857374191 -2.777994871
S -1.722686052 -1.185237408 1.303575754
C 1.640075922 2.351214409 -2.575922012
S 1.726169586 -1.113766074 -1.910380960
C -1.184981585 -2.293561220 0.658026814
Na 0.464089066 -0.795790911 2.673603773
C -3.365808010 0.242569745 1.492498040
S 0.015851770 -0.095449463 0.339870483
C 2.091544390 -2.007897377 -1.905373216
P 0.340703249 0.044161119 1.647208929
C -1.987646580 2.352002144 0.877749681
Na 3.317729950 1.185513020 -2.346215963
