22

C 0.546479881 -2.738070011 2.042820930
C 1.219168544 1.967580676 -0.663446128
C -0.999144971 -0.270658046 2.265508413
S -1.671123743 2.301334381 0.470673561
S 0.215549514 -1.764914870 1.610516071
C -0.005655830 -0.814192057 -2.966002703
C 2.247910261 -2.346091986 -0.019861406
S 1.187423110 -2.296221972 -0.207605869
C -1.914889932 3.675179243 -1.700280309
P 0.670108795 -0.642602086 -2.225904942
S 0.388332754 0.216013774 0.013229327
C 1.491573930 -4.338761330 -0.617495537
C -2.051572084 1.371359587 0.652404249
S 0.541644275 -1.232607603 0.247102529
Na 0.784762025 -3.619251966 -0.444604874
S 0.578484833 -0.915741503 -0.849985182
S 0.295868278 1.632237911 -0.137738958
Na -0.720776737 3.858426809 -1.376810789
C 0.445263118 1.136203885 0.960489094
Na -0.431984842 -0.977808714 2.350486040
C -2.059889078 3.157135487 1.010218263
S -0.757532120 2.641449928 -0.413712025
