23

S 0.114667051 0.429212719 1.071032405
S -0.101653069 -1.156657219 1.664229155
S 1.828662395 -0.150141880 -1.497113705
C 1.005846620 0.838707328 1.670057058
S -0.311224222 1.158513308 0.065440588
C -0.192981154 2.250283480 0.170923412
S 0.669223607 0.217951655 -0.642160475
C -1.302108884 1.156745195 -0.459365845
C 1.787541151 1.475021243 -2.870659828
S -2.340040684 -1.179317594 0.580080867
S -1.480701089 -1.307638526 1.640575409
S 1.163674712 1.171592593 -1.907304525
C 1.976565242 -1.123865724 -2.076992273
C -0.172160789 -2.381514549 1.485836744
C 0.427616030 -0.895786345 -0.859831572
C 1.427047610 2.215572357 -1.415951490
C -2.465366840 -1.941933513 -0.119383551
C 0.129849687 1.177695036 -2.391176701
C -0.711620092 0.859237611 1.830573320
C 2.911422491 -0.008840287 -1.302656412
C 0.815506518 -1.134274364 2.243256569
C -2.955003738 -0.331327289 0.395618290
Na -2.224762201 -1.339235902 2.724972248
