22

C 1.157722950 2.461687803 0.021209970
C 0.024052061 -1.568344116 -0.060835488
S 1.469461560 1.401756406 -0.067989573
P 0.353787571 0.536118925 0.043970391
Na -2.052673817 -2.229655504 1.938860893
P 2.116061211 0.032219507 -2.445825815
C 1.899250388 -1.060629487 -0.332232654
Na -2.060011387 -0.067638792 0.352244228
Na -3.200217962 -2.118852377 2.363882542
C 2.395524025 1.403100371 0.664102316
C 0.969259501 -1.506594419 -2.043283701
S -1.574941874 0.114141934 1.818848133
C -2.169791937 0.323072642 2.737278700
C 2.636806488 0.028553795 -3.273518085
P 1.897253394 0.904691696 -1.594829798
S -1.127576232 0.637153685 -0.451994509
C -1.743713856 1.557367444 -0.333130449
S 0.670884311 -0.756126225 -0.342630029
Na -1.066095710 -1.137673378 2.239164352
S 1.440921664 -0.584931135 -1.522049427
C -1.103502750 1.154962659 1.810239553
C -0.932459831 0.475618899 -1.521481633
