20

C -1.272071838 -2.136568069 0.598506749
S 1.096700668 -0.964805603 0.308742940
C -1.807361126 0.517553806 1.076825619
C 2.016491652 0.318600029 1.441811681
S 0.403337568 -3.087464571 -0.613336802
C -1.531281233 2.215331554 -0.100406937
Na -1.220742941 3.041974068 -0.759210408
S 1.110307693 0.269028723 0.932291329
S -0.610670984 -0.033265281 -1.390318274
C 0.005918192 0.706752419 -1.837981224
Na 1.125941277 -3.700053215 -0.915630221
P 0.662324846 2.578169346 1.173356414
S 0.167261079 1.299368620 0.899414957
S -0.016867042 -1.011428118 -0.554900527
P -0.763847470 -2.255178690 -0.337451607
C 1.415059924 -1.041194558 -0.874324441
C 1.492645741 -1.730166197 0.937990367
S -1.125306964 1.174906492 0.651774287
Na 0.491109490 3.700649261 1.059079885
C -1.638948321 0.137790516 -1.696233630
