24

C -1.441952467 -2.411753416 1.523035169
C -1.424166918 1.028649807 -2.861880779
S -0.831676841 0.995410085 -1.949584603
C -0.583381534 1.972993016 -1.615593076
C 1.808104515 1.611014485 -1.324710250
C -0.586753070 -1.789952517 -1.920571208
C 2.733265162 0.943566799 0.085131451
C 1.901066661 0.788571179 2.568145752
S 1.742950916 1.461546183 -0.235072091
S 0.539249837 0.461672276 0.429603934
Na 1.721528292 2.751776457 0.275876135
P -0.755021691 -1.890529275 0.969723284
C 0.671788156 0.725757718 3.884642839
C -0.997526109 0.888910830 2.330267668
S -0.101085432 0.437219381 1.851314425
C -2.323712111 -1.258060455 -2.531032801
C 1.431904793 -0.774230421 -1.068182468
S 0.653726399 -0.160247415 -0.722905815
S -1.624458194 -1.336528540 -1.662651658
S -0.638006806 -0.291501105 -1.472471833
S -0.436972290 -0.558489382 1.115001678
C -2.307533026 -1.770061612 -0.938837409
S 0.925235152 0.666646957 2.849981546
C -0.076573424 -2.492380619 0.420770198
