20

C -2.098251343 1.095502853 -0.856567502
S 2.622406244 -0.301925093 0.248176411
P -1.788852930 -0.830126941 -0.269809306
C 2.220011711 1.999213696 0.206690490
S -0.072195679 1.514115691 -0.417231262
S -1.483496904 0.598758101 -0.142149001
S 0.724317729 1.350432277 0.798817098
C 2.498991728 -2.320414305 -0.348979503
Na -3.053194523 -1.075844169 -0.123589754
C -1.762252092 0.668387055 0.897755682
C 2.516196966 -2.108427286 1.263612032
C -4.317940235 -1.894403815 -1.243860483
C 0.398214102 1.411101460 -1.450496078
S 1.775444865 0.973933160 0.362486452
P 2.595382214 -1.556948066 0.370360583
C -1.158330679 -1.463095546 0.013063801
C -0.329379857 2.485963821 -0.423991442
P -3.462499619 -1.771829128 -0.858669162
Na 0.374878973 1.709122777 1.932140589
Na 3.800550461 -0.483515799 0.042240825
