25

P 1.179738641 -1.390266180 1.297380447
S 2.152844906 -0.327827454 1.182066798
S 0.748627961 -0.141321704 1.855517864
S 1.501968741 1.044294953 1.791930676
Na -2.802462339 -1.539919972 -2.234600782
C 0.794288695 -2.085273504 2.015676022
C 0.975130022 -1.827839613 0.396429390
C -2.471408367 1.371725678 -2.933383942
C -2.769354820 -0.583884895 -3.669742823
C 0.570602298 -0.267875165 2.944419622
C 2.386129141 1.651711464 1.451447010
C -1.252813578 -0.932026744 -3.743182898
P -0.424379438 0.047346484 0.953034937
Na 1.456216455 0.703311801 -1.171809673
C -0.189429104 2.018450499 2.723745346
C 1.939822674 0.160388336 -0.334172517
C 3.263613701 -0.615908921 1.023692012
S -2.080104589 0.653237045 -2.202803850
S -1.892476797 -0.726110697 -2.805732727
C 3.002884626 -0.502867103 2.184823036
Na 0.779968083 2.032409191 2.447645664
Fe -1.035685301 0.810638487 0.255273700
S -2.003090620 0.838085830 -0.871099114
C -0.883391738 -1.013919353 -2.124166012
C -2.947239399 0.623441875 -0.432388633
