24

S 0.217097372 -0.900617421 -1.113366246
Na 1.495100737 -1.163405776 2.685550451
Na -0.258163929 -1.789388537 -1.685038567
C -0.600780070 0.734583259 -2.146099806
C 1.087115288 -3.733647108 3.520034075
Na -1.782188654 0.559730172 1.087152004
C -0.850327611 3.118021250 -2.473783731
C -0.348594010 -1.879939437 2.261451721
S -0.943940461 2.867964745 -1.433319330
S -0.309198111 1.762267113 -1.222871542
C 0.365978271 -1.768854260 -1.495821118
C -1.828175306 -0.938068211 0.010930614
C 0.344788671 3.702982187 -0.116386004
C -1.750141501 3.453668356 -1.037903547
C 1.146055341 0.286455035 -1.865506172
Fe 0.630358100 -4.291761398 2.380459070
P -1.203460574 -0.257459432 0.450708747
S 0.691964686 -1.998426795 2.194103241
S 0.188849121 -0.214721277 -0.076975755
Na 1.078766227 -3.032633781 1.399109840
S 0.154017836 0.446383625 -1.377983570
C 1.166456819 2.292054415 -0.029260460
S 0.289097160 2.709224701 -0.433560699
C 1.019324183 0.035589211 0.518376112
