25

S -0.313437194 1.062387586 0.791233182
S -0.502007365 -1.382282019 1.110174298
C -0.549609661 1.306854248 3.396160841
S -0.083197273 -1.834677100 2.352234125
S 0.112751141 -1.785858870 -2.802487850
P -0.977800310 0.570309281 2.881987333
C 0.147520274 -0.129554078 -3.536440372
S 0.166491732 -1.150341272 -1.480287313
C -1.409106970 -3.088869810 0.027401589
S 0.202004313 -0.687553406 -2.656621933
S -0.608965218 0.175303608 1.595520854
S 1.364188910 2.387547016 -0.557459593
C -1.979312301 0.577522576 2.582388401
C -0.558818698 -2.434627056 3.089178085
C 0.901933491 -1.673158646 2.475305080
S 0.881286919 1.543361783 -1.569836617
C 1.648503900 2.846115112 0.416624844
Na 0.886365592 2.027456284 -2.843743563
S -0.292519033 -1.313586473 -0.270266294
C 2.367314577 2.733183622 -1.110439420
P -1.085043550 -2.257470608 0.352967680
P 0.425112069 -0.018244185 -1.479792714
P -0.093807705 2.152315617 0.089198433
C 0.064482942 -2.537007570 -3.455708981
C -0.714330018 2.910874128 0.602709532
