23

C 1.221528411 -0.904383957 -0.694417238
C -1.841846347 0.880570412 -0.714947045
P 1.198379159 -0.126911968 2.080085754
C 0.171748459 1.870798349 -1.057940006
C -1.632459044 -2.794424772 -2.503950834
S 0.907756329 1.866008401 0.735299349
C 1.405474067 2.938987494 0.366791248
C -0.503322423 3.202325106 1.436335683
C -0.020475488 -2.834094286 -1.764737844
Na 1.155784488 3.595006704 2.547377825
S -0.948074043 0.263437510 -0.863556087
S -0.949971318 -0.990513742 -1.424037218
S -1.712699056 -0.630324543 -2.129746199
C 0.267551422 -2.822528601 0.709617674
S 0.575216711 3.025262594 1.505183816
S 0.199556917 1.019325614 -0.308956474
Na 1.387426853 0.911855996 1.316197634
S -0.911233962 -2.255532742 -1.926999688
S 0.214426637 -0.599295676 -0.482253045
P 0.404367417 -1.789175868 0.846150339
C -2.419400215 -0.476866871 -2.759489536
S 0.902682185 -1.348988056 2.095848799
C 0.927582324 -2.000536919 2.992141485
