20

S -1.401671529 2.428267241 1.459855318
C -2.206850767 1.928242564 1.127334714
S 0.176131397 -0.130293489 0.747212172
C 0.237235457 2.200078487 0.619794190
Na 1.078620076 0.191005275 -1.361192226
S -0.393918902 0.383492857 1.873688340
C 1.141557097 -2.253822088 0.991387010
S 0.642090619 -0.529823065 -0.342282116
Na 0.111810148 0.567152321 -3.323901892
C -0.365252972 -2.420355320 0.482638627
C 1.363404870 -3.055919409 -1.244475126
C 0.490915209 -1.591104865 -2.328013420
S -0.332928687 1.496026278 1.216557622
C -1.339024782 3.308524847 1.901930571
C 0.154720366 1.515986443 -3.518636465
S 0.845177352 -2.138756037 -1.127231121
C -0.418195903 0.798713028 2.921218872
C -0.863078654 -0.588462710 2.073500395
S 0.502440035 -1.824205875 0.163958892
S 0.576819777 -0.284746557 -2.333345890
