24

C 0.054741047 -4.267780304 1.911556005
C 0.645078003 -2.714999676 2.080287933
C 0.361332864 -1.788238168 -0.792462111
S -0.186874717 -3.304215908 1.637001991
C 3.115849972 4.916746140 -0.328691065
S -0.649292171 -1.231607795 -0.629956782
C 1.954195023 4.623050213 0.978518784
C -1.344372392 -3.383058786 -1.642299652
C -1.938032389 -4.315175533 0.570874810
C 0.586061537 3.929735422 -2.036438465
S 0.006658062 1.402968645 -0.692381561
P -1.326566935 -3.454561472 0.417031586
S -1.212101698 -2.762796640 -0.716728389
S 1.026646018 3.710623503 -0.962193191
Na -1.250342607 -0.764025569 -1.688155770
C -0.839600325 1.680163264 -1.489052176
C 0.774968743 -0.031392157 0.730325043
S 2.001750946 4.834050179 -0.125410512
S 0.131751731 0.162030235 -0.103442207
S -1.176322460 -2.346684217 1.311702847
C 1.603836894 5.796832561 -0.552948058
S 0.587415040 2.623998404 -0.781304181
C -1.457187772 -2.001611710 2.337473631
Na -1.469592333 -1.314051390 0.566692114
