21

C 1.745635033 -1.407307625 -1.559550643
S -0.259924412 0.053920735 1.877537370
C 0.817304134 -0.090824150 2.164277554
S 0.012808321 0.262804508 -1.284510374
S 1.049256206 -1.573762417 -0.704792559
C 0.502197802 1.374586821 -2.755304098
S 0.931435823 1.181503773 -1.751570225
S -0.010408333 -0.627150893 -0.347483665
S -0.423352927 1.405722618 1.318045735
C -2.720825672 0.066709585 0.637707710
C 0.947124243 2.029438496 -1.033325553
C -0.946173549 0.067164786 -1.650329232
C -0.946826935 -1.933506489 0.880052686
C -0.787630737 -0.168476909 2.825624704
C 0.254581809 -2.304862499 -1.122068286
Na 1.872340679 -1.787029862 0.268247694
S -0.857634366 -0.804986715 0.814576983
C -1.022132277 1.853837490 0.572660446
Na -2.241098881 -0.583386600 0.797019780
C 2.007001400 0.877120912 -1.838913441
C 0.076322407 2.108485222 1.892097473
