23

C 2.956085443 1.103750467 -0.970941484
Na 2.584584713 -0.497668982 -0.086426429
S -1.476868391 -0.546962500 -1.080795288
C 2.100130558 3.011524916 -2.534525156
S -1.787498951 -0.949144244 0.158447981
S -0.145329967 -0.612902641 -0.824179232
C 2.624685526 3.346207857 -1.011803746
C -1.404595613 -0.454062790 -2.196821928
C 0.854866982 -1.637591600 2.191312790
Na 0.712164938 1.784483552 -1.766780615
C 1.027165294 3.413524151 -0.800584018
S -0.218585834 -1.838158607 2.141383410
C -2.624251127 -0.230213791 -1.152547956
S 1.672203064 2.917577028 -1.540128827
S 0.848603010 0.550367773 -1.138286829
W -4.274657249 -1.418420434 0.627091646
S 2.161806822 0.435860932 -0.759217680
S -0.961609304 -1.029444456 2.829909325
P -2.601989985 -1.280273438 1.030249238
C -0.349441260 -2.853287220 1.900921226
C 0.469416469 -1.496158600 -0.511990249
Na -0.648275256 -0.432374656 3.926193237
S -1.518611550 -1.286633015 1.569521308
