24

Na -4.604083538 1.288994551 1.561916828
S -4.104760647 0.175538838 0.789813459
C 0.171642259 1.411900401 -0.386935890
P 1.953449011 -1.402579784 -1.144615293
Na -1.137740731 -1.704034805 0.591806412
Na 1.487162948 -2.005584478 -0.402643532
C 2.093349218 -1.547036171 -2.051450491
Na -3.055982590 -0.452700168 0.862313569
C -4.875624180 -0.072483912 0.091528423
C 3.720768452 0.677434206 0.205838799
Na -0.996950567 0.572606742 1.299774170
Na -0.398426622 -2.064260721 1.482726932
C 2.788999081 2.180174589 -0.446044296
Na 2.918014050 1.083918214 -1.802430034
S -1.297113657 -0.216950998 0.319664776
S 1.400725245 -0.588076055 -0.090434492
C 3.301195621 0.385424376 -2.308232546
Na -4.723903656 1.140018225 2.772569180
C 0.203799978 0.140749708 -1.523352027
Na 2.963916540 1.158418179 -0.313040525
C -1.893607259 -0.008361878 -0.658491194
S 2.050069809 0.277916431 0.318761110
C 1.954427958 -0.727968991 1.199083567
S 0.080674082 0.296943903 -0.368126929
