21

S 1.838528275 -1.475505948 0.546320498
C -0.148229674 1.489416599 -2.142264843
Na 3.071145058 -1.956755400 0.872937560
C 1.494781733 0.182144552 2.347719908
C -1.158454180 -0.802540541 1.691334963
C 3.383887529 -1.825529099 1.849084616
S -0.249853924 -0.680608869 1.098670483
C 0.059601206 -2.667330503 1.123909116
S -0.718509972 1.337483048 -0.922351599
C -0.824937999 -0.957315803 -0.813056827
C -1.733661175 -1.673752069 0.343340099
S -0.358543426 -0.166251108 -0.289166272
Na 0.493864566 0.243248194 2.135613680
P 0.618031383 -1.847257495 1.066532731
C -2.697745562 0.994081736 -1.719126940
Na -2.006372929 1.828718543 -3.278798342
C 0.287537426 3.059810162 -0.722218871
S -1.667911410 1.399333119 -2.062626362
As 1.708961010 -0.299609512 -0.739039063
Na 0.163090944 2.153247833 -0.300345540
C -1.555208445 1.664972425 -0.086469069
