23

P -0.500769138 -1.931329489 -0.333115846
S 0.197654530 0.168237597 -0.341736346
C 1.183862686 -1.773715734 -1.217596889
P 2.410423756 0.484705627 0.874138951
C 1.502290726 1.603166938 1.541150451
Na -0.019889861 3.136554480 1.669621348
C 2.136175871 -1.877197027 1.359496593
S -1.190569639 0.338865101 -1.441778898
P -0.963557780 1.190455079 -0.483879805
Na -2.013871431 2.005670071 -0.281480610
Na 1.345906258 -2.035953283 0.783003628
Na 1.620904684 0.323762655 -0.314772218
C -0.099803738 0.120372839 1.751171470
C -1.617074966 0.073895626 0.905790210
S 0.314793587 1.999756098 1.438572049
S 0.681744099 -1.285554528 -0.336413950
C -1.352473140 -2.186428785 -0.076121420
Na 3.559433937 0.287962377 1.201112747
C -1.498163104 0.899626434 -2.500739574
C -2.607361317 -0.182604536 -0.552485108
S -0.559252203 0.741785645 0.886285424
C -1.221706986 -1.536225080 -2.443055630
S -1.308696270 -0.565807760 -2.087167025
