23

P 1.628420711 -1.084827304 0.085676566
S -0.544849217 1.576569200 0.476847559
C -3.191694021 1.391855597 -0.991862833
S -0.998284698 0.383589119 -0.047194168
S 1.952793241 -0.565269947 -1.153796792
C -2.426778078 2.672436476 0.942830503
Na 0.768003225 1.756516695 0.861154139
P -1.525190473 2.489576101 0.901483119
P -0.158064321 0.807311177 -0.871578574
P -0.729192555 -1.672085404 0.306601465
C 2.425124645 -1.189298153 0.649239779
Na 0.989239752 2.260348797 1.945132852
S 0.834446251 -0.164837882 -1.635381103
C 0.918976486 0.352495581 -2.621126652
W 3.470078945 -0.668505490 -2.059323549
Na -2.263607502 -0.010263234 0.085923553
C 0.434741467 -1.313343167 -1.798358321
C 0.994542539 -2.765972137 -0.262663215
S 0.512231648 -1.809983373 -0.190457359
C 1.639143944 2.281635761 2.637197971
C -0.295526534 -2.879182339 1.812836885
Na -1.101383805 -2.486065626 1.252976894
Na -3.333171368 0.637299716 -0.326158881
