21

C -4.142335415 0.202642888 -3.375550032
S 0.985011876 0.339322299 1.449149847
C -4.008097172 -1.570509195 -3.000354767
C 0.013026120 0.893493354 1.351374388
C -2.102700472 0.772363186 -2.395649910
S 0.958659351 0.031543385 2.850613117
Na -0.014636775 -0.984944999 -0.004020237
S 1.270210862 -0.801965237 0.387754172
Na 3.392160654 0.753447056 1.060928822
S 2.184011936 1.185580611 1.142727137
P -1.784887910 -1.007890701 -1.412919521
C 0.280747682 0.269334197 3.638926506
C -0.105365917 0.376302302 -1.376136661
C 1.741655350 -1.634353280 0.984875202
C 1.840036511 1.768665671 0.214460626
S -3.572444201 -0.555739760 -2.868374586
Na 2.066577196 -0.740411937 -0.711825788
C 1.791272163 -0.454976022 3.264693975
C 2.317534924 1.858944535 2.052589178
S -2.344184875 -0.250286579 -2.153691292
S -0.766252160 -0.450561196 -1.099569440
