20

C -2.225573540 1.137808681 -0.696063876
P -0.171145424 1.587297559 0.793679059
S 1.249152899 -0.390509605 -0.733421087
C -0.561656475 -0.460914999 -2.080567598
S 0.086058304 0.066819370 -1.390320063
C -0.869012773 -1.945674539 1.048522115
C 1.813318729 -1.622445345 1.294174910
S 0.389940530 -0.685533881 0.409263134
C 0.440824807 0.902998209 -1.997618437
C -2.523140669 -0.665396929 -0.517910004
C 1.748434782 -1.100701213 -1.350884438
S -0.504810691 0.291323721 -0.027960427
C 0.790203452 1.765616894 1.080607533
P 0.940006673 -1.168310642 1.377788782
C -2.542586565 0.253326803 0.909654677
Na -0.965676606 2.307856321 1.321804881
P -0.078755274 -1.490719438 1.257507801
S -2.026895761 0.261375308 -0.100822039
C 2.574834585 0.857287288 -0.152470991
P 2.436479092 0.098496340 -0.444964141
