23

S 0.273283452 1.360463500 0.979278684
C -1.517742634 1.801384926 2.442807674
C -0.036083549 -0.294949263 -2.771574259
Na -2.929511309 1.348134518 -0.029614013
C -2.771650314 0.479674757 -0.215177655
C 1.989517331 0.917159617 -0.080018908
S 1.977266073 -1.671000123 -0.378919840
C -2.359765053 -0.328092694 2.273379564
S -1.429345012 -0.089679025 1.779999733
C 1.599498987 -0.093982667 -2.332792521
C 0.464619845 1.628727436 -0.891463161
Na -1.123281837 -2.068773031 -1.215420008
S -0.287470698 -1.369162202 -1.084292293
C 2.702405214 -1.928015351 -1.234956503
C 1.521757603 -2.616818190 -0.088864557
S -1.171517253 1.306730628 1.493591547
S 0.630687535 -0.410707802 -1.990622878
C 0.876249373 1.819662690 1.740989566
C 2.772996664 -1.229896545 0.179828554
C -0.876346290 -0.940651953 1.572132826
S 0.880182207 0.890798569 -0.092028879
S 0.807456136 -0.667134404 -0.698387086
Na -1.993206501 2.156126022 0.642123997
