23

C -2.170798540 -1.377444506 0.022531692
S 0.455971956 2.957806826 1.019317269
S 1.384520888 0.501978993 0.286799908
S 0.198971465 0.766614437 0.486488968
C 3.320158482 -1.811789513 -0.921744943
C 2.728512526 0.384979188 0.130672336
C -0.660807967 -2.480486870 -2.277663469
C -0.518102407 -2.076005697 0.913712561
C -2.248147249 2.832532406 -0.953439176
P 2.397369623 -1.421052933 -0.750013411
S -0.387890190 -2.780092239 -1.296680331
S -1.139237881 -1.164241791 0.216550186
S -0.075575508 -1.883662462 -0.307215422
C 1.392969131 3.350511312 0.876663208
C -0.313798338 -3.777746916 -1.085535884
S -2.002049923 1.131887913 0.600978792
S 1.303608894 -1.482690334 -0.498412311
C -2.876560926 0.810646474 1.165921807
S -1.018320918 0.291086823 0.445188075
C 0.302002996 2.782098770 2.075678349
S -0.500787914 2.574477673 0.273586839
S 2.135268688 -0.423972398 -0.172493428
P -1.707276464 2.294564962 -0.250892311
