24

S -0.324525386 -1.019968271 1.986946940
S -0.551832259 0.622784197 -0.957449079
C 1.609081030 -2.464977026 -1.459588408
C 2.125101089 -0.846268713 -1.202527881
S 1.101409674 -1.374613881 -1.488071084
S 0.700926602 0.076405600 -1.156719327
Na -0.237984836 -2.385453939 2.149858713
C 0.157579914 -1.871333838 -0.926770151
C 0.996215463 -1.351652622 -2.595926762
C 1.637350440 -0.207948104 2.213684320
C -0.918864429 -2.927438974 1.736941934
Na -0.644393623 2.866488695 -1.967786431
S -1.219774961 1.896271110 -1.323264599
S 0.758815169 0.612070680 0.312835336
C -1.465216041 -0.070706420 -0.883934200
C -2.276649952 2.035011053 -1.107343674
S 0.768529654 -0.256809056 1.538634896
C 0.217836112 1.401693106 0.895627022
C 1.088759303 0.742828548 -1.948028326
C -2.481227160 -0.441078514 2.321633577
S -1.439436674 -0.263986558 2.440630674
C -0.188097239 3.745922327 -1.809284568
C -1.234847188 0.602745354 3.021605492
C 1.821246147 0.880015552 0.208294928
