26

S 1.997918487 0.047610588 -0.578887463
Na 3.338611364 -0.648686290 -2.943391323
S -0.021955721 -0.137280613 -1.439812064
Na -2.023645163 0.269725740 5.144154072
S -1.596611500 0.753791034 0.198389232
S -1.761475086 0.600080967 1.497387409
S -1.259318352 0.617865682 2.616080999
S 2.120875359 -0.418889284 -2.921679497
C 3.727136612 -0.232108265 -0.496716022
S 1.408322811 -0.120807752 -1.650472999
S -2.041396618 -0.082400069 3.884591103
C -3.067229271 -0.251695335 3.505229712
Fe 3.508005857 1.016453743 -0.526361883
C -0.790462732 1.642084837 2.602771997
C 2.068665743 -0.576795161 -5.091597557
C -1.633342266 1.863264680 0.081663050
C 0.502627969 -0.850036442 -4.341666698
C -0.700881422 -0.401257545 -2.213401794
S -0.843072772 -0.390200287 3.554422379
S -0.326291114 0.093206361 -0.224375799
S 1.512174249 -0.604796767 -4.163755894
Na -3.113983631 0.436450511 -1.452961802
C -0.062210500 -0.967990816 3.854139566
Na 0.937250316 -1.545296431 1.019470215
Na -2.758692026 0.202853262 -0.491656780
P 0.878978968 -0.315146089 0.578438520
