21

P 1.359652281 -1.196987033 0.489083678
S -0.820968091 -1.027483702 -0.636680782
P 2.138250828 1.315822721 -0.933071196
S -1.841958642 -0.735237360 0.193246499
Na -2.657972097 -2.105907440 0.374746472
C 1.658038974 -2.088668823 -1.941933632
Na 0.275274009 2.720037937 0.557863176
C -3.462922573 0.259980798 0.506279409
S 0.325607091 -0.372534811 0.067129597
C 0.735977232 0.802568376 3.032278776
W -1.210036993 -1.893965960 -2.153915405
Na 0.625946522 3.547487259 -0.241139084
P -0.747357607 0.139483318 0.681217551
S 1.212949038 0.845312417 -0.199767441
Na -2.448763371 0.223347202 0.518278956
C 2.289696932 -1.218998075 0.209387064
Na 2.201079845 -1.556783438 -2.397332668
S 0.561659753 1.217845201 0.864282608
C 2.456982851 2.269551039 -1.014423251
P 1.039061427 1.073529959 2.178887844
Na -3.690197229 -2.218399286 -0.154417917
