23

C 1.492201805 1.440509081 -1.695587158
C -0.337243855 1.887199044 -2.238238335
Na 2.730174065 -0.562478065 0.573150694
C 1.975150347 0.813672900 1.642847776
C -0.703011572 0.085196197 2.565276623
C -1.612571836 0.555812657 0.222454622
C -1.339805245 -1.949565530 -2.004409790
P -0.634550333 -2.163902521 0.121023908
C -0.794336081 1.969080329 0.208873466
Na -0.127637878 1.932112694 2.624551058
S -0.483273208 0.774865210 0.027528778
C -2.147414446 -1.099259615 -1.012230635
S -0.946367204 -1.393045664 -1.104857326
P 0.708819449 -0.653207660 0.669600427
Na 0.433741212 1.287128687 -2.021439314
C -0.144599855 -2.944043875 -0.490700573
Na -0.436259121 0.855367124 2.836739540
S 0.543956816 1.543668151 -0.674473286
C 1.170978069 2.242506266 -0.131479263
S 1.849702716 -0.036022767 1.017940640
C -0.059045859 -1.005049944 -1.974271536
S -0.243267059 -0.724646986 -0.009257603
C -0.895340979 -2.855896235 0.846957445
