20

C 1.198440909 -3.421820879 0.908630013
Na -1.251180291 3.695825338 0.139397308
Na 2.225898027 0.318702728 -0.653455794
S -0.678798378 -2.908210516 1.586087704
P 0.952268004 -0.005372548 -0.341050178
Na -0.849875212 3.421199322 -0.877824783
Na -1.868122458 -3.580353975 1.336871386
C 1.529764652 -0.934820116 1.265215039
C -1.665450454 -0.994332135 1.063481212
S 1.180971384 3.045568705 -1.670458317
P 0.519424558 -2.647685051 0.870746493
C -1.103775501 0.947541535 -0.119071983
Fe 1.672616243 4.107109070 -2.243745804
C -1.148677230 0.009132477 -1.144075990
S -0.736789942 -1.546193480 1.048157573
C -0.096949384 1.832261443 -2.467480183
S 0.587246597 -1.199892402 0.732101738
S 0.110229358 2.203732252 -1.386330366
S -0.133510664 0.932423592 -0.709634304
C -0.443729848 -3.274815798 2.662439346
