23

C 1.240979552 -3.875057936 -1.375943899
C -1.465317607 -2.471031427 -1.361640573
C -0.180054143 -3.091695309 0.138769180
C 1.091248035 -0.629727304 1.974112988
Na 1.300429106 1.427943945 -0.241613775
Na -0.755683899 -3.165204287 -0.847232461
C -0.518562734 3.026872635 -0.635497570
S 0.572011292 0.517064869 0.351565808
S -1.046775460 2.899869442 0.308052927
S -0.130341828 3.143644094 1.475422263
S 0.542141259 0.242586777 1.675400257
C 1.206125021 -1.074409962 -2.603074074
S 0.213040352 -0.678776979 -0.709029615
C 0.391271681 0.830845654 2.571771383
S 0.665294528 -1.547094584 -1.800951242
C -1.801514506 3.724281549 0.514288485
C -1.085448027 -1.014625311 0.777422965
C -0.400881737 3.174851656 2.460583448
S 0.515858114 -3.005556345 -1.722988367
C 0.748458922 -3.292388201 -2.839534760
C -1.623437881 1.905632019 0.248018995
S -0.313444853 -0.496872544 0.371638477
C 0.834605157 3.448848248 1.270458579
