22

S 0.042370789 1.213002324 -0.158806115
S -1.304382443 4.057593822 0.933311403
C 0.109099768 -5.100845337 -0.658877254
C 1.937673688 0.840521574 -0.915106952
P -1.235681891 -3.297203302 -0.875436425
S 0.591378391 -1.849368334 -0.074249230
Na 2.077843189 -3.699754238 -0.085444435
C -2.256568193 3.775707960 0.479766250
C -0.677325785 -0.049792185 0.721477509
S -0.061952800 3.605121374 0.736608386
C -0.395802528 0.935443401 -1.103788257
S -0.058458887 -4.037181854 -0.658198655
S 0.925151944 -3.260208607 -0.265610993
C 1.676356196 0.919966400 0.956065714
P -0.271529824 2.495553017 0.322275400
Na -1.373996735 -2.327481031 -1.482577920
Na 1.483170033 -0.900176644 0.086612359
S -0.759837508 -1.770556688 -0.458101809
C -1.537487388 4.889851570 1.636732817
S 1.260004401 0.559043586 0.008985546
C -1.170666933 -0.853887379 0.087964840
C 1.000642657 3.854650259 0.766397715
