25

S -0.215590104 -1.797586322 -0.892403126
Na 1.550418258 2.660937071 -0.184136301
S 1.996650815 1.680976272 0.338176221
C -0.277649701 -1.365905285 -1.909065843
C 3.015322208 4.295866013 -1.009463072
Na 1.198500395 3.825457811 -0.068718307
C -2.494990826 0.256003171 0.000934819
C 2.924204588 4.594629765 0.644571543
S 0.425793648 -0.990071833 0.042994134
C -0.533775568 1.172628403 0.245473266
Na 3.653521776 -1.002562761 1.767968893
S 2.358904600 4.102738857 -0.155394226
P -4.102185249 -1.756177306 -0.296301425
Na -2.416585684 -2.738156796 -1.587372303
C -4.988991737 -1.822139144 0.058415987
S 2.663309574 -0.518938422 1.078602672
P 2.685725212 0.829170823 0.737783849
C -0.477490634 -0.061898720 1.614703178
S -0.560839951 0.065060161 0.502542794
S -1.767969608 -1.924765944 -0.411947817
Na -1.761180282 -2.634601355 0.743398428
C 0.309198529 -2.794414759 -0.967212856
P -3.127964258 -2.260523319 -0.951639891
S -1.717967987 -0.492327183 0.019754635
Na 1.661631823 -1.323399305 0.638334990
