25

Na 3.936051846 -0.252674967 -0.958834469
Na 0.398999035 0.895345271 -1.549447417
P -1.045664191 0.952636242 1.265420318
C -1.906850815 -0.642979860 -1.763764858
S 2.755229235 -0.859319448 -1.121479869
S -0.455259115 0.365344405 0.479464471
C -1.004979014 1.841976762 3.101412535
S -0.405932784 1.004458785 2.627365828
C 1.337201595 -1.424193740 -2.676781178
S -1.670101285 0.475609154 0.005755125
S 0.583895266 -0.066292368 2.504422903
S 0.551482201 0.149339929 -0.435784847
S -2.138397455 0.023797594 -1.039292336
S 0.638590038 -0.320080966 0.936408043
C -5.295403481 1.052105308 -0.713699937
P -3.042543888 0.690182209 -0.633300304
C 1.247020006 -0.809273422 2.978856087
C 2.866983175 -2.206441879 -2.464895248
C 0.246439934 0.637177646 3.376853228
S 1.659670472 -0.763499081 -0.183685690
P 2.283823013 -1.279279470 -2.410959005
S -4.264229774 1.236162305 -0.423428476
C 2.210207939 -1.694972873 0.179327995
C -4.070669174 1.998734236 0.205143869
C 4.584436417 -1.003861547 -1.285076857
