25

S -0.307997227 2.635223627 -0.172221079
C -1.630225062 1.370806217 1.200167418
S -0.645025611 2.239977121 1.208773375
C 2.920026779 -1.214580297 -0.654810250
Na -0.782466710 0.744851053 1.107011080
C -0.931736410 3.344636440 -0.567892790
C 0.392852008 -0.393048704 -1.769641757
Na -2.341972589 -1.831115484 -0.904447734
C 1.180799007 3.507858992 1.354886174
C 0.268772870 -2.465281010 0.064569093
Na 0.563698232 2.301479816 -0.874212146
C -1.821413040 -3.347469091 0.378657639
Na 2.157711029 -0.861511230 -0.212998986
C 0.942344189 2.857615948 2.905781746
S 0.806768358 2.603040695 1.837316751
P 1.096191049 -0.488606602 0.038029395
S 0.607424796 -0.372310251 -0.830919564
S 0.049079441 0.123716250 0.205828950
S -0.239567593 -2.736723423 -0.780416727
C -1.915939569 -3.808479071 -1.335862160
C 1.402085781 1.700642943 1.716615677
S -1.599867582 -2.988280773 -0.637620747
Na 0.600520134 -3.010146141 -3.107511044
C -1.161688447 3.030829191 1.814800501
Na 0.389624983 -2.943126678 -1.983883262
