21

As -1.757656932 0.628282964 -0.712775171
Na 2.071827412 -1.292919517 0.644259810
C -1.527007699 -2.225749493 -2.238031626
Na 2.482862473 -1.538019538 3.221314430
C -4.398568153 0.435502559 -1.438894391
S 2.457931042 -0.561558723 2.255418301
S -3.381251335 0.281734467 -1.117395878
C 3.360287189 1.199646950 2.594624519
P -1.950432420 -1.399522305 -2.466297388
C 3.490528345 0.816904843 0.947700322
S 0.197025254 1.121268511 -0.200357452
C -0.334450424 1.028475285 -2.342637300
S 3.052790403 0.539411485 1.855501413
Na -3.315185070 0.333146036 0.093731977
P -0.325505435 1.081950784 -1.412380695
Na 1.959679961 -2.557555199 3.058092356
S 1.732830524 -0.190702215 1.285557508
Na 1.025958180 1.814975381 0.324475825
P 0.603520930 0.610166311 0.903790057
S -2.548914909 -0.237899676 -2.147050619
C -2.896269083 0.112460658 -3.108645439
