21

Fe -0.775228918 0.478350282 3.373166561
S 0.943358064 -0.331405699 -1.632454515
Na 0.941390574 0.598725200 0.812693298
C 0.763179839 -1.393783212 -0.080640309
S -0.256358653 0.656576335 0.230827361
S 1.151106238 -1.268616676 -2.450669765
C -0.292447150 1.783432603 -0.034517206
S 0.269378245 -0.419479907 -0.271961004
C 2.096197605 -1.690810561 -2.337339640
P -1.099934816 -0.568099320 0.544355392
C -2.158788443 0.820648074 -0.680190921
C -2.361906052 1.028025031 1.001686335
S -1.707021832 0.606263399 0.256902426
C 0.568971813 -1.524232030 -3.280606270
P -1.101874590 -1.031659245 2.076955080
C 2.460374832 0.571931362 -1.465932012
C -0.049867660 1.502420425 2.829795361
Na 1.528433681 0.915334284 -1.991631269
Na -1.450983644 -0.637521505 3.334937572
C -0.243748695 -1.625742793 2.066852093
C 0.775770187 1.529643893 -2.302228212
