24

W -3.842040539 1.152908325 1.394683003
Na 1.685344219 -3.758830070 -1.903820515
Na 0.214411601 -2.803350687 -0.465795785
Na 0.890703738 1.911601663 2.538077354
C 2.024101257 -4.385379791 -0.628851354
Na -0.139423728 0.296304882 -2.285107613
S 0.254436940 1.177363276 0.955873430
S 0.992583871 2.120044947 0.997955084
S -0.944983661 0.552930355 0.594014466
Na 1.395958543 -1.045078158 -2.210282087
C 0.903378665 3.042251587 2.410652637
S -0.006095287 -0.090784669 0.125500172
S 0.170993894 -1.420635462 -0.093303546
S 0.437355936 -0.608617544 -1.362829566
C -2.290265560 -0.745159447 -0.709668815
C 2.063095808 2.249112129 0.667890251
S 1.254651427 -3.512733459 -1.044486523
S -2.293320179 0.248472169 -0.254330873
Na -2.761159420 1.088242769 -1.258759141
P -2.243083477 0.623988509 0.924503922
C 0.086907111 -1.908814430 0.931969702
C 2.006062269 1.911037087 2.829246998
C -0.272004217 1.202244163 -2.231489182
C 0.412390798 2.702882528 0.078358069
