26

P -0.961759746 -0.891599417 0.787160635
S -0.168926731 -1.247601986 -0.536852062
P -0.516505837 1.037684202 2.601999283
Na 1.153735399 0.981812000 -3.630593777
S 0.149946094 0.533737123 1.405366302
C -1.637072325 -2.881797314 -0.503037393
S -2.348086834 1.752168775 4.126044750
S 2.057565451 -0.652235627 -2.458366871
S 0.100397848 -2.007237911 -1.424055934
C 0.302874595 -2.538675547 -2.375725508
C -2.015702963 -0.259312153 3.930967093
C 1.245356679 1.981967807 -3.789239883
C -3.205730200 1.586889625 4.775035381
S -0.458820015 -0.170087457 0.425258189
C -0.147105545 2.019266605 2.773725748
C -2.215026855 2.741549492 3.917032957
C 3.237415314 1.093218923 -3.009377241
S 0.975366533 -1.118831992 -1.590211511
C -1.705502272 -1.132487059 1.400527954
C 2.814069033 -1.294597149 -2.709114075
S 2.451871157 0.457912534 -3.405888319
S -1.641757846 0.724538267 3.558257103
C -0.645447254 0.736215770 -0.226636365
S -0.855644584 -2.413645506 -0.706523895
C 2.867984772 0.297405660 -4.406719685
C 1.166506529 0.663742781 1.070966005
