21

C 0.267208517 -1.532920837 2.552887440
Na 0.556896448 -3.266352654 0.856744051
C -1.860651612 0.109578684 1.421145439
S 0.764293790 0.015056841 -0.937610865
C -1.474526048 1.270138621 -2.572001934
S -0.581232667 -1.370054841 0.999102771
C 1.286206126 -0.826553941 -0.681450725
S -0.166630253 1.306957245 0.856021285
C -1.297479272 -2.028849363 0.653319716
P 0.897230506 0.112893447 -3.044473648
C 0.297113955 2.304217100 -0.262616813
Na -1.292913437 1.399376512 -1.477572203
S -0.862023950 0.038543262 1.008368134
C 0.070418976 1.773972750 1.859452486
S 0.655036330 -2.037758827 1.525064707
C -1.157048225 2.078584194 0.944012225
C 1.001532674 0.684576750 1.154337645
Na 2.061536551 -2.002037048 1.746309876
C 0.356223404 0.111593969 -3.955266953
S -0.079743095 1.297697425 -0.750235319
S 0.558551610 0.561339974 -1.895536304
