21

C 0.489180326 -1.708743691 0.207159713
C 0.882316172 1.712284803 -1.141389370
P 1.576238275 -2.303316355 -1.261307001
S -2.653808117 0.652662098 1.247682571
C 2.089304209 -0.692171097 0.052760921
S -0.331659973 0.859238923 0.503980339
Na -3.536339045 0.394152433 0.608284771
C -1.247726798 2.077787399 2.064117908
S -1.558620930 1.067352414 1.693482637
Na -1.959322453 0.318028957 2.783434868
C 0.806117296 3.917704582 -0.639017045
C -0.994315207 -0.452086836 -0.711483300
C -0.000196326 -1.836489916 -1.836369038
C 2.733020544 -2.519116163 -1.353392243
S 1.141725898 -1.150009871 -0.633161128
C 1.328176856 -0.458002478 -1.489596963
Na 0.557647943 3.191548824 0.101051070
C 1.195558548 -3.264787674 -1.250010490
C -0.659064770 -1.046787024 1.115833282
S 0.372492582 1.864647150 -0.177980274
S -0.230725050 -0.623896003 0.115918182
