24

C 0.569920421 1.296679378 0.572936356
S -1.401006103 1.512097001 0.267006665
S -0.298520774 0.670800686 0.359337449
C -3.426030159 1.107475042 -0.638291478
C 0.440218568 -2.518285990 -0.256689131
S -1.581994414 2.170027256 -0.924218714
Na 1.539192557 0.265847176 2.733772039
C -0.883061945 2.579130650 -1.542512536
Na 3.548632145 -0.502877295 -2.516502619
C 0.763968527 -0.507371545 2.199028969
S -0.453238428 -0.401235491 1.572831631
S -2.642237425 1.545584440 -1.167917848
C -1.934477329 1.713080287 1.158865690
Na -1.214269757 -1.456733227 1.268389344
C -1.116475582 -2.231642485 1.854260445
C -2.807629108 1.520026445 -2.240846395
Na 0.496748686 -2.024836302 -1.105335712
C 3.001866341 -2.301459312 -3.002623558
S 2.808194399 -1.398232460 -2.388636827
S 1.733710051 -1.312651157 -1.220710635
C -0.867924154 0.025646199 2.502935648
Na 2.074620247 -0.569748461 -0.309198856
C 1.867809534 0.545035720 3.543003559
C -0.218015060 0.273643255 -0.718883693
