24

C -0.364747465 -1.620237350 0.278599381
S 0.346979678 -0.813246787 0.942971587
Na 0.731789231 0.344909519 0.540103674
S -1.077706337 -0.350892127 -1.522296667
C 1.399289370 1.828187823 -1.791036367
C 0.619942605 2.854988337 -3.533150434
C 1.445781469 0.927940726 0.759477079
C 0.448028535 -2.349223137 4.574302673
C -2.114959240 -0.499347866 -1.009254813
C -1.629959464 0.091121443 -2.474507332
S -0.111400507 0.728485227 -1.527004719
Na -2.514221430 2.267776012 -1.349926114
Na -1.083925128 3.937196016 -2.914116383
S 0.403532535 1.900530934 -2.117421865
S 0.861637175 -2.498286247 2.471997261
C 1.088823318 -0.404063255 2.889394283
C -1.947707891 2.168761253 -0.836673975
C 0.880590081 -3.373072386 1.901074767
C 2.036437750 -2.592236757 3.899528980
S -0.109887041 -0.250097036 -0.343590766
S -0.157373115 2.959719181 -2.792812586
Na 0.952668548 -2.651900053 3.757897854
C -0.906274199 -1.395955801 -2.004814386
S 0.802661598 -1.211057901 2.201258421
