24

S 1.392627954 -0.691511452 -2.403886318
C -1.491217971 -0.845983863 -0.762420535
S 0.438475043 1.293927073 3.020158529
C -1.989239335 1.449575424 2.096872330
C -0.470497221 1.666906953 -0.501217842
C 1.323968172 -2.598863363 -3.487128258
S -0.602629423 -0.925159872 -0.210174218
C 0.760251224 1.990828872 2.325602770
P -2.632692814 0.254242659 1.154597878
C 1.154110670 -1.337860107 -4.618403912
C 2.243447781 -0.191597477 -2.015987158
C -2.881486177 -0.564836860 1.453341722
Na -0.503968239 -0.104105458 -2.775931120
Na 0.616021276 2.143755436 5.043951988
C 0.933407068 -0.156088054 1.047303319
C 2.760016441 -1.466431022 -3.965620995
C -0.799335003 -1.733135700 0.570774853
S 0.154092729 -0.557036221 -1.758071899
S -0.148257360 -0.179781705 1.102243423
S 1.687423110 -1.575875521 -3.665292025
Na -0.314369172 0.159373328 2.432193995
P 0.688518584 1.463150740 4.197830200
S -1.346165776 0.797912419 1.396559238
Na -0.972501099 1.708593845 0.322703749
