21

S -0.773503363 -1.978268385 -0.286764085
Na 0.967127442 0.915788174 2.887574911
C 1.919341326 -0.776031017 0.620987058
Na -0.728335500 -2.307605743 1.148143768
C 0.589502573 -1.607740879 2.430365562
S 0.199675456 -1.521535873 1.486920714
As 0.955443263 2.025528908 -2.063201189
S -0.543406546 2.218337059 -2.400295973
Na -1.553578496 1.321853757 -2.535168886
S 0.817897916 -0.564034760 0.760641277
S -0.853687942 -3.145188570 -0.931554675
S 0.016801635 -0.861967146 -0.495970011
S 0.767196178 0.941001415 1.525749445
C -0.812546134 3.284742594 -2.631317139
Na -0.635980606 1.589870214 1.408859968
Na -1.674906731 -1.082721353 -0.616474032
Na 1.999479175 2.713099003 0.954951823
Na 1.761451840 1.626667619 1.029556632
Na -1.603675842 1.752147436 0.566523373
C 0.339586973 -0.568538129 -1.448565483
C -1.153882980 -3.975403309 -1.410962343
