25

S -0.387907088 1.220889568 1.480510473
S 0.069581546 -1.250010014 -0.460414171
C 1.971255541 0.465878278 0.663022280
Na 2.103633165 0.805383205 -4.441289902
C -3.236459732 -0.169002309 1.945414662
C -2.212887526 -1.350132585 2.841714859
C -0.282043010 -2.139739037 -1.054725170
C -1.911643982 1.630929947 2.338872194
S -1.247926593 -1.147072792 0.166265756
P 1.821091175 0.689714730 -0.397875458
C -0.311784446 0.347573519 -1.623636007
C -0.352676749 1.729499817 0.565398753
S 0.670586765 -0.088505484 -1.282018423
C 0.454017401 1.174969792 2.095808506
S -1.513766289 0.774114788 1.921634555
C -2.138652563 -0.781181157 -0.284084171
C 2.846686602 0.369659603 -0.725500584
S -2.216707706 -0.507093966 2.058743238
S -1.519133449 -1.557929635 1.432630539
C 0.907957673 -1.581118107 0.210274816
C 2.481705189 1.640381813 -2.713429928
S 2.041496277 0.804096758 -3.176088572
C -1.141958475 -2.523478985 1.489782095
Na 1.449934006 -0.325343490 -2.481352568
C 1.655602336 1.767516255 -0.569658756
