25

C 3.495279312 2.659735441 -0.111111656
S -2.447054863 0.999056220 -1.273318291
Na 2.870530605 -2.060722113 0.485909104
C -3.083808661 -4.003232479 -0.301528126
C 3.229992390 1.197230101 1.944067597
W -0.086019322 -1.916951656 0.817644238
S 2.494600058 0.523180008 1.480168581
P -2.502834320 1.804708838 -2.186916113
S -2.346408129 -3.495961189 0.280717939
C -3.232689857 0.650684536 -0.667486906
Na 1.194465280 4.253458977 -1.565799475
S 2.028369904 1.130186677 0.275071979
C 0.675259292 -1.955178857 1.936354280
Na -2.479137897 -2.217872620 0.157094374
S -0.475249976 0.048663855 -0.399181515
S -1.447985411 -2.386375189 0.505326807
S 1.555077195 2.109909534 -0.386859089
C 2.452442884 -0.249588579 2.157669306
C -3.385598183 1.709798336 -2.728607178
S -1.378502011 0.471217006 -0.811340809
W 0.283322930 3.209686279 -1.004213214
S 0.323832870 -0.515143871 0.250610679
S 1.441684008 0.101141907 0.470583558
C -1.884792447 -4.237114906 0.843679309
S 2.705223322 2.169483423 -0.168535307
