24

S 1.910625219 -0.742420912 -1.143314719
C 2.976008415 -0.427663654 -1.410158157
S 2.185615063 1.266676784 1.515653014
C -3.335864305 -0.529282928 -1.232766151
S -1.353776097 -1.461344838 -1.074970484
C 2.070970297 -1.824680090 -0.886901081
Na -0.098060451 -1.082779408 -0.121641517
Na 5.069275379 2.121094465 1.461997628
C -3.649299622 -1.012568951 1.665703654
Na -4.204955101 1.229275703 0.584332287
C 2.156877041 2.197097540 2.002298832
C 1.324570537 -0.282241613 -2.056006193
Na -3.087314367 0.736842155 0.942260981
C -2.255088329 -1.961368561 1.107296348
C 0.314160794 1.306531310 0.940332234
Na -1.115686178 -0.979996324 -2.298164368
S -2.932700872 -0.929240406 0.830778003
Na 1.909877896 2.019137144 -0.527404010
S 0.963172138 -0.162171915 -0.352810830
C -1.436928988 -2.598811150 -1.244098663
Na 2.842634439 0.324265450 1.884178400
S -2.577371597 -0.996329546 -0.477231324
S 1.217775702 1.149161696 0.382553756
C 1.105484486 2.640817404 -0.491917133
