20

C 3.681217432 -0.125794694 -0.597023845
S 2.063391209 0.751947939 0.519120574
C 0.089335732 -1.391792178 -0.743091345
C -2.004900932 0.064327642 1.533929706
C 0.284777671 1.229677558 1.023681521
S 1.731165409 -0.497015238 -1.154446244
S 0.718369782 -0.699132800 -0.231332630
S 2.684787512 0.088757917 -0.448484004
S 0.755214453 0.127162635 1.045832992
S -2.120275259 -0.393031299 0.531534851
C -1.809674382 1.406615019 -0.352606893
C 2.625713825 1.528026700 0.889988065
C -1.690076113 -1.384178996 0.685047567
S -2.262522697 0.408899695 -0.732886493
C 0.274809718 0.041396528 2.156628847
C -1.763116956 -0.139799550 -1.604128718
C -3.202210665 -0.350654662 -0.001861013
Na 1.829347849 -0.561382234 -2.380905628
C -3.061104774 0.878710210 -1.435477257
C 1.175751090 -0.982740104 1.296480179
