22

S 0.045975655 1.183476090 -0.910742939
C 1.866964817 2.712496996 -0.970859408
Na 0.048393790 -0.786386371 3.025880814
S -0.363981307 -1.419080257 0.268943727
C -2.754312277 0.437727243 0.240521163
C 1.000919461 -2.759446859 -0.603396118
C -1.608842373 -3.057603836 0.513733983
P -1.644175887 -1.986615896 0.703128815
C -1.450667739 1.966570973 0.302167058
Na -0.644966304 2.162909508 -0.207244515
S 1.478029609 1.743246198 -1.363661051
S 1.124820948 0.789413393 -0.078222819
C 0.252514422 1.166795373 2.268462896
C -2.096925497 -1.737518787 1.599818110
S 0.216641739 0.064567149 2.096909761
C 2.063660145 0.849603057 0.445819020
S 0.305400372 -0.277183205 0.740813076
Na -0.753994703 0.363119334 -1.564222693
C -0.481879979 -2.456864834 -1.653283596
S 0.074630573 -2.256301880 -0.743611813
C 0.897318780 1.999781609 -2.291440964
C 2.424475431 1.297295690 -1.819512367
