22

S -0.940904617 -2.241336584 -0.592877209
C 2.782207012 0.830865800 0.052741528
P 0.595694005 2.654444218 -0.134003088
S -2.256142139 -1.619759321 -0.287669212
Na -0.541818440 -2.448763132 -1.964012027
C -0.494372755 -2.968358994 1.156915665
C 0.119585976 -1.996984005 -2.444693804
S 0.779415548 0.728383243 1.146806717
C -0.895947158 0.939193130 -0.557662845
C -2.971901894 -1.409317851 0.464600354
S -0.339765459 0.241975293 0.090659484
C -0.156601414 2.929491520 0.469799966
S 1.743326545 1.527977586 0.054558836
C 2.286488771 2.457711458 0.394671798
C 1.459915161 -0.227388769 1.416125059
C 0.979930878 1.815104246 2.025646448
S -0.943117023 -0.934269130 -0.191536248
Na -0.703993499 -3.333626270 0.247468308
C 1.758081436 1.312019944 -1.102454185
C -2.837350130 -2.004620314 -1.101255417
C 0.125275046 0.742907405 1.949580789
C 0.451994121 3.004351139 -1.093411088
