24

S -1.200893641 -0.327356339 0.057195198
C 1.245760798 2.112306833 1.192551851
C 0.635548055 -0.218110234 1.161233664
S -2.385842085 -0.986991823 0.694445789
S 1.904402375 -0.027422158 0.908011258
Na 4.087962151 0.321978837 0.042616773
C 3.633386612 1.820390344 1.059683800
C 1.956477046 2.535531282 -0.287730366
C -4.511325359 -0.359259129 0.500672758
C 2.231537104 -1.048146963 0.853283823
C -4.273348331 -2.255832911 0.603631616
C -1.730662942 -1.296008348 1.553619623
C 2.534301996 -0.171664268 -2.244249105
S 1.986142278 0.216239229 -1.641389728
C -0.283355772 -0.053200059 -3.261673927
S -3.743336201 -1.223603964 0.655001819
S 0.108098380 0.044419330 0.036882393
S 1.793836832 1.588692784 0.360056221
C -3.885607481 -1.225080132 1.901790977
Na -0.658544660 0.220560506 -2.376446009
S -0.241797611 0.096322916 -1.061254263
C -3.359382153 -1.284752846 -0.518393934
S 3.053954124 0.959888756 0.625225484
S 1.102688432 0.561098516 -0.814766169
