23

S -1.274401188 -0.208639130 0.692228377
Na -1.940400362 0.891841054 1.321940899
C 1.025552392 1.318284273 -2.015794992
C -0.408992738 -2.405526638 -1.913614988
S -0.932914615 1.953994632 1.669518590
C 0.473949105 -2.547848463 -0.486344397
S 0.585816503 0.466947585 1.621061087
S 0.321305364 -1.772612333 -1.206005812
S -0.039618116 -0.558163047 -2.229416370
Na -1.137260675 2.985857725 2.395822763
C 2.888576984 -0.779673696 0.879039645
Na 0.392446041 1.865330935 1.171989560
C -0.716292500 1.513442039 -2.164722919
C -2.871199608 1.576441765 1.474960804
C -1.162410975 -0.547034025 -2.549640656
P 0.239507690 -0.351751119 0.913295686
S 1.715140581 -0.739161551 1.041096449
C 1.959796667 -1.023288488 2.169306278
C 0.487790346 0.462349623 2.687826872
C -1.844782472 -0.953901172 0.112427898
C 0.567791760 -0.654834449 -3.212913275
S 0.076560825 0.812731445 -2.076031446
C 1.594039202 -1.304787397 -0.296029091
