24

Na -1.918168664 -1.672391295 0.220709071
C -0.381056011 2.037390471 -1.091443062
S 0.722012639 1.674888730 1.281266093
C -2.019470692 0.488849461 -1.222149253
C 1.051637530 1.324299812 -1.609601617
Na 2.479544163 -0.499478042 0.317133635
P 0.107654452 1.074255705 -1.200054288
C -2.896183491 0.231379151 2.460265160
C 0.606813967 -1.508368134 -1.958885550
C 1.662667990 1.620618105 1.732899904
W -2.003740549 1.002180934 1.465319753
C 1.517079830 -2.097931623 0.190733850
Na -0.032163225 -0.531807244 2.192397833
C 0.466646552 2.625264406 0.931040168
P 0.161571592 -1.179230690 -1.066951632
Na 0.956805825 -0.620472133 2.920675516
S -1.462032914 -1.302099943 -0.984637558
S -0.070816889 0.553884745 1.186040759
C -1.958788991 -1.845030785 -1.760485530
Na 3.506240606 -0.454740673 0.422611207
S 0.281295449 0.039724663 -0.263242990
S 1.243994832 -1.042759895 -0.103063285
C -1.034578204 0.078140080 -2.587959766
S -0.986966133 0.003434603 -1.472618461
