20

Na -0.366859764 0.715736985 1.520514846
S 1.741863608 2.242673874 -0.452082872
Na 0.164547414 -1.333431840 2.473281860
C -0.692608178 1.648611188 -1.120195746
C 2.274576902 2.531838655 -1.267135978
W 1.728226066 0.901115537 0.362327218
C 1.162412524 2.842212915 0.083749741
Na -2.655872822 0.115515001 0.366291314
S -0.367516875 0.611582637 -0.854602516
S -0.001744665 -1.989079475 0.458251953
S -1.355462909 -1.629294395 -0.330123007
C -2.050369024 -2.328547239 -0.741917849
C 1.135479331 -1.988858581 0.133862406
C -2.267433882 0.042984042 -1.553794622
S -1.769050479 -0.234128177 -0.575346887
S 0.048486527 -0.847346842 1.350553751
C 0.296058416 0.379078299 -1.745393991
S 0.211976185 0.372236490 0.562654793
C 2.901921511 0.972591519 0.574592888
C -0.138629928 -3.025490522 0.754513085
