25

C -2.297106504 0.031902179 -0.418018013
S -1.216589451 0.143064946 -0.604388595
C 1.300850749 -0.878496826 3.073762655
S 0.562273264 -0.178149432 1.368956923
S -0.856689036 0.368908763 -1.604222655
C 3.002525330 2.377811670 -0.380491436
C -2.019992828 -1.837043166 0.810859501
C 1.339317083 2.330736876 -2.329287529
C 0.042750843 -2.585370779 2.889357805
S 1.651085734 1.892007828 -1.485099316
S -0.857595265 -1.808068633 2.853346109
C -0.357780635 -0.488273859 -4.025188923
C -1.478977799 -2.602146387 3.462819815
S 0.179364681 0.364791304 -0.070146494
P 2.445188284 1.710967422 -0.794473886
S 0.390974998 -1.054565430 2.465545177
C -1.387286305 -1.059005260 3.530493021
Na -1.716136575 -1.693756938 1.639921069
S 1.338716149 1.082258940 -0.282428712
S -0.393758237 0.376030773 -3.347175121
C 2.198244810 0.946510673 1.655918837
P -1.431634188 0.571010053 -2.697047472
C -2.315241337 0.420980126 -2.967522383
C 0.438837707 0.935433924 -3.743299484
S 1.438657761 0.632461190 0.997811317
