22

S -2.521729946 1.821521878 -1.698826671
C -0.818342328 -0.846831560 -0.945448816
C 2.470064640 -1.821880937 1.834951997
C 1.698443651 -1.885185003 2.306735277
C -0.415067255 0.354986638 -2.302553415
S -0.227392673 0.360862434 -1.153737783
Na 1.444272995 -4.008985043 0.405950904
C -0.646939576 -0.622593164 0.912220001
S -0.047580756 -0.075480036 0.177106038
Na -3.233236313 2.925697088 -1.438058734
P -1.400396585 1.942770004 0.213799685
C 1.050165534 1.791180968 0.895612180
S 1.126442790 0.681206703 1.101075172
S 1.050169945 -2.786098719 0.269286841
C 2.275027990 0.589094996 0.927940071
Na 1.535621524 -2.016138077 -0.642280102
C 0.186320379 -2.675949574 0.966693819
C -1.085762024 2.349187851 0.914753079
C 0.831341028 0.913574994 -1.419731617
C -2.705233335 1.191350579 -2.578444958
S -1.464577556 1.471226692 -0.852830350
C 0.898387969 0.346480817 2.105787754
