26

C 1.292670012 3.791299343 -3.409363270
C 1.552958727 -0.129788086 1.954438925
C -1.584978580 0.175502852 2.808879852
Na -2.210832357 -4.538076401 1.471261621
S -0.783058882 -1.393708587 1.807957530
S 0.228547856 0.239711598 -2.446006536
C -1.693232536 -2.543209076 0.138017386
S 0.837807119 1.151973963 -1.306939960
S -0.747367680 -0.455365896 2.903046608
S -0.794279099 -1.558789492 0.126589328
Na 1.281810164 1.757256269 -3.996868849
Na -1.336410880 -2.573488712 2.239814997
S 0.354524434 0.004608794 -0.377570093
C 0.116120011 2.106101513 2.214010000
Na 1.440450788 2.150774002 -0.596748948
S 0.861324847 1.427929163 -2.697326660
S 0.705413461 0.267065376 1.340077162
C -0.135506198 -0.172230229 3.739468098
S 0.410580575 1.344708562 1.835955381
S -1.798915386 -3.324991703 1.304189205
C -0.225360259 -1.770407557 -1.727325559
S -0.055403680 -0.819022596 -1.344007492
C -0.228944555 -0.130963713 -3.421715498
S 1.186776757 2.715664387 -3.330352068
S -0.143790692 -0.670039237 0.754887342
C 1.469097257 2.947484732 0.015632583
