23

S 1.643971801 -1.584118009 1.700319409
C 2.889127254 -3.108158827 0.699206948
C -0.525285482 -2.702916384 -0.802031696
S -1.905025959 2.403486252 -2.747251034
C -1.179987073 0.222191513 -0.265611500
C 0.927248299 0.603812754 -1.682641149
Na -2.149512529 3.339613914 -3.745510340
S 0.308587879 1.353682995 -1.177277207
Na 0.655595422 0.981524169 0.287215799
C -0.678651631 -0.516149104 2.022995710
S 0.388884038 -1.689314604 0.874585390
C 2.852979183 -1.738408566 1.655301929
Na -1.530068636 2.739344358 0.530067444
S -0.279449612 0.628830492 -0.309752434
Na -0.076680720 -2.127429485 -0.249789566
Na -0.419935942 2.203627825 -2.172013044
P 2.543706179 -2.442061424 1.231281757
C -1.531939507 2.084161758 1.133614540
C 1.435205221 -1.119726777 2.668334484
S -0.383562714 -1.410881996 1.779270649
C 0.562541485 2.453102350 -1.395885468
C -0.800081491 -2.229064465 2.254301548
Na -2.747665644 1.654850841 -2.288732290
