23

Na 0.526730120 0.619164228 1.058245778
C 2.564626694 -1.603043079 3.917679310
C -0.172305629 -2.429428577 0.092710480
S -1.423575997 -2.591338873 -1.297549486
C -2.608757496 0.427836329 -0.435767531
Na -1.623857737 2.921331882 -0.494863123
S -0.993451953 -1.725900650 -0.296965688
S -0.796590567 -0.234291747 -0.802077234
C 1.762159228 2.286886454 -0.467638999
S -0.448264569 2.398887634 -0.560230076
S 2.339367628 -1.488896489 3.037433624
P 0.478517890 3.717612028 -0.890626371
S 1.579394221 -0.077191196 1.628587604
Na 0.016944667 -0.531830549 -1.916427016
Na 0.857789755 4.708384514 -0.411993772
Na -1.881538033 0.229530618 -0.877701759
Na 0.736090362 2.362814903 -0.832412481
S -0.117003545 1.067880154 -0.233181387
Na 1.870343566 -1.420613289 1.929167509
C -1.838535190 -4.190195560 -2.757181168
S -1.733336091 -3.371161222 -2.103793144
C -1.523692131 -1.539215684 0.681603909
C 2.428945065 0.462777704 2.032982111
