21

Na -0.445902050 2.560855389 -1.515513182
C 0.954291642 -2.464604855 -2.531640768
C -0.931631505 -0.730690181 2.348224401
C 1.083990574 -0.678458154 -2.663949728
C 0.621552765 2.279980659 1.937760830
S 0.864075661 0.218828797 0.054771159
S -0.528589427 -1.041511059 1.415888548
C -0.359077334 3.441124201 1.047005773
C -0.134238809 -2.057104349 1.579231739
Na -0.272956192 -3.212146282 -0.100907080
C 1.795964003 -1.643224001 -1.287453413
C -0.780728698 -0.177924275 -1.326575994
Na -1.281343699 2.121484756 -0.635601223
P -0.361029208 0.012612983 0.574150324
S -0.179453939 2.381361961 1.215601683
S 1.139674306 -1.463234544 -2.004868984
Na 1.967994690 0.676436126 0.282507002
C -1.973107934 1.099785686 1.022350550
S -0.964031816 1.380463123 0.605350554
S -0.281260490 -2.352810860 0.717046201
P 0.065807708 -0.351224005 -0.733378947
