23

C 1.614493966 1.251897216 1.882574320
C 1.468189240 1.297625780 -1.065747499
S 2.154620171 0.455171049 -0.670032561
Na -4.287037373 -0.109690391 0.089002602
C 2.421823978 -3.233528137 0.734371960
C -3.363106012 0.556120753 -1.337288260
Na -1.035840392 0.399130255 -1.442913055
Na 3.086305618 1.180015087 -0.028842311
Na 3.222079515 -1.508359790 0.097913258
S 2.185705185 -0.607493997 0.151935726
Na -3.021968603 -0.759241760 0.271316260
S -0.455733180 0.052956019 -0.635904849
S 0.827521801 -0.517359078 -0.192733541
S -2.990322828 0.321400255 -0.292336762
C 0.954571962 1.518714309 1.579238534
C 2.573577642 0.219460070 -1.718343019
C 2.504430294 -0.935552239 1.196030259
P -1.602990150 0.813131154 -0.453377694
Na 2.951443434 -2.839408159 0.022635899
C 0.197001219 -1.320995808 -0.002759399
Na -2.281569004 1.541866183 0.316948742
C -2.114049196 1.686956882 1.298801184
C -5.009147644 0.537183881 0.199510261
