23

C 2.996178150 1.199421406 -0.584107518
C -2.471282244 -2.417518616 1.612622499
W -2.059530973 1.318400621 -1.367607832
C 1.347225189 2.254482746 0.716576874
C -3.259967804 1.688488603 -0.962624311
P -1.673480153 -1.997373104 1.141533732
S 0.469373554 0.232788637 -0.130070329
C 0.240624964 -4.121977806 -0.257060051
S -0.068865463 -1.053905368 -0.006629016
S 1.152005553 1.203730345 0.564069390
C -1.921787262 3.592395544 -0.249736756
C 0.551929355 0.182064563 -1.169475079
Fe 2.762362957 0.504878581 0.424458981
C 3.322149038 1.067405820 1.425422549
P -1.284164548 -1.334902525 0.309659332
P 0.211567417 -3.248465776 -0.851943731
S -1.346104980 2.670159340 -0.282197237
S 0.785819292 -2.211033344 -0.107283637
C -0.382024527 2.865464926 -0.686548889
Na 1.940251112 -2.404883146 0.475781202
C -1.363775730 2.233122587 0.685025036
C 0.373761296 0.774033010 1.207894206
Na -0.322263837 -2.996776342 -1.907758832
