25

C -0.639328241 1.912932754 0.687301993
C -1.430153370 1.618474722 -3.520817280
S -1.789290190 0.601934731 -0.633344710
Na -0.548752725 -0.103615142 -2.245768785
S -1.484837890 0.647293270 -1.860938072
S 1.648838043 -1.198166013 0.486066282
C -0.332058191 -2.275617599 -0.182675317
Na -3.337792397 1.986728549 -2.897238255
C 0.525178730 -2.690957069 1.273524404
C 3.062110424 -2.767115831 -0.123629265
S -0.868427873 -0.573831499 1.208724737
C -2.793802500 0.717147052 -0.333171844
S 2.874711752 -1.803907871 0.326981723
Na -2.050314426 -1.063406348 1.350313663
C 1.785984755 0.454665840 1.672368050
S -0.851081848 0.483549476 0.358977377
S 1.645443201 0.309608907 0.600932539
P 1.369903207 1.241948962 -0.241375148
Na -0.541703522 0.108699158 2.602413177
Na 3.963584900 -1.140790462 0.788624942
C -1.079821825 0.977659285 2.716805220
P -2.191015005 1.489692092 -2.772485733
P 0.283977121 -1.817177296 0.639255881
P 0.244273767 1.355580926 0.260233402
Na 2.534373760 1.528670073 -0.161078274
