25

Na -1.906863213 -1.155712008 -0.948045611
C 3.811768293 -0.424329191 0.284805238
Na -0.285832137 -1.490415692 1.841493011
C -0.707580805 0.970257163 1.290690660
C 1.663850546 -2.632559061 0.431259632
Na -0.675064504 -1.546518564 0.853624880
C 2.475854158 -1.737157106 1.725194812
S 0.494867742 -0.006392890 -0.591693461
C -3.159019470 0.262090087 0.728383243
S -0.872774243 -0.639741778 -0.229946256
C -3.132429838 -0.460225523 -1.482004881
C -1.425340295 2.637925386 -0.188773647
S 2.936718225 -0.839480639 -0.217243329
P 1.047534347 0.870920539 -0.022682212
S -0.540177107 0.764767885 0.209085360
C 0.546645701 -0.193615139 -1.689460993
Na -3.682356834 0.562804043 -1.230286002
P -1.641095281 1.625381470 -0.290357381
S 2.139181852 -1.688083053 0.675469875
C 3.230801105 -1.083694577 -1.239489913
S 1.654420257 -0.437224388 -0.052479535
C 2.921490669 1.888946772 0.036572464
C -3.717699051 1.903877139 0.225231200
Na 1.945547938 1.821668386 -0.048233304
S -3.122448444 1.026510358 -0.071114011
