20

S 0.186019778 -0.978094161 0.070329666
Na -1.925526500 -0.220746428 -1.670122027
C 2.013314962 -1.360122204 -0.835397422
S 0.850152373 -1.377223015 -0.988216221
S -1.375203252 0.545311272 -0.930810928
Na 1.600288510 1.286263108 0.059606902
C 2.267925978 0.636305332 0.151792943
S 0.391353607 1.575087667 2.078914881
S -0.763002753 -0.939863682 -0.982972503
C 0.495417833 0.723356664 2.602626562
S -0.289736092 0.490716964 0.071221642
C -1.656595588 1.522745132 -1.262815118
Na -1.367793918 -2.067119360 -1.141175389
Na 0.575838029 -2.009589911 1.030175686
C 0.894449472 -1.944873095 -1.881289363
C 0.435867846 -2.007000923 1.924593925
C 0.440827876 2.481995821 2.554476261
C -0.223336101 2.546309948 0.339151114
S 0.250531286 1.536537290 0.672208607
C -2.800793409 -0.439996809 -1.862299442
