25

S 0.040435057 0.110315211 -1.937558651
C -3.907673836 -0.142641813 1.494120598
S -0.641576171 0.891815126 1.373837233
S -1.916251421 0.152804047 2.770029068
S 1.480672002 -0.551436841 -1.267241001
C 2.362325668 0.526960433 -3.239025116
S -2.018084288 0.500941813 1.503295779
C -0.106750607 0.722558737 -2.781383991
C 2.240461588 -1.266536236 -0.894689322
C 2.104757547 2.221000671 -1.527099729
Na -3.144853592 -1.305973649 3.857089281
S 0.343050212 0.138770610 1.516744614
Na 1.071920753 -0.626604319 1.857773066
C -0.428176671 1.908539295 1.271783471
S 0.574135721 -0.957479656 -2.107275009
C 2.666193724 -1.913442373 -1.701768160
C 2.900909901 0.103236534 -3.001580477
Na 1.291348815 2.095075130 -0.986453593
Na -3.258285761 0.317817956 0.871833324
Na -2.189036608 -1.081800938 3.150853395
C 0.650569379 -1.495916486 -2.863212824
C 1.216984630 -1.541107655 1.497443199
S 1.062908888 0.901214182 -1.204102635
Na -0.853926539 -0.574348986 -1.369114041
Na -1.542059779 0.866238952 3.715700388
