22

S 0.789111614 -2.488824606 -0.194243923
S 0.436195344 1.118739724 -0.193195045
S -0.084920958 2.250000238 0.468898594
C -0.072935894 -2.821581841 -2.342670918
C 1.470895052 -3.097261906 -0.886282027
C -0.040618684 -1.275859833 -1.991710901
C -0.137748867 5.310374260 -0.432511330
Na -0.592257142 0.011349674 -0.144169942
S -0.231124535 3.384643793 0.165688515
Na -0.599050283 2.520756483 1.711865902
Na -1.553833485 -2.777457237 -1.176503420
C 1.119839311 -3.144696474 0.671658337
Na -2.268481970 -0.498636037 1.309400201
S -0.309046119 -2.185483932 -1.376663089
C -0.645405829 1.991158009 2.385737181
C 1.277782321 -1.344329119 1.793765903
P -0.365342975 4.355763912 -0.334562927
S -1.288874507 -0.695953429 0.568190455
S 0.957042098 -1.031973004 0.795047641
C 0.810196400 1.473928809 -1.208533764
S -0.045204610 -1.298736930 -0.054075588
Na 1.373783231 0.244078606 0.464869648
