26

C 0.011602202 2.645276785 -1.962036848
C 2.051377773 -2.460400581 -1.334226608
S -3.041065931 -1.110916734 1.800221324
S 2.585361242 -1.450850129 -1.403713346
C 3.454695702 -1.718075275 -1.988506794
C -3.672124863 -0.186706632 1.520811319
S 2.274120569 -0.856869519 -0.310603917
C 3.015075207 -1.307165861 0.419302523
S -0.481038213 1.486895084 -0.120634608
C 1.064671874 1.488135457 1.437357545
S 2.138205051 -0.053122319 -1.768006206
C -3.932952404 -1.833307743 1.856989741
C 2.027120590 -0.146618634 -2.859773874
C -2.488924026 -1.758501649 2.519606590
S 1.136396050 -0.366848022 0.469095528
S -0.835226297 -0.727197886 0.991547406
S 0.332744718 -1.369632483 1.027368665
Na -1.987957716 2.466741323 -1.931156397
C 1.961305380 0.967200041 -1.602372646
S -0.784714282 2.531213999 -1.192415476
C -0.801262736 3.321893930 -0.362500429
S -1.240741014 0.711041927 0.716238260
S 0.575027227 0.915363789 0.627356827
C 0.539102197 -2.401964664 1.209476590
C -1.894501925 1.597335219 1.073289871
S -2.006295443 -0.382919073 1.167285204
