22

C 2.882235050 -1.174592495 -0.686642885
C 0.152423486 2.131197691 -1.956753612
S -1.194860697 -0.306488514 0.925076246
S 0.285372287 1.960866451 -0.926481366
S -2.472084999 0.256854057 2.199642181
C 1.936653256 0.146810934 -2.055336714
Na 1.340298176 2.381717920 -0.270780921
S -0.742282450 0.982757688 0.959680140
C -2.960394144 -1.355808377 2.519285440
C 1.652186155 2.181263208 0.642720938
S 1.032032967 -2.006265402 -1.719237328
C -2.976537466 -1.381349206 0.789317906
S -2.515117168 -0.747247577 1.605676174
Na -0.379691720 1.794736624 2.017124653
C 2.722146273 0.474483162 -0.648360193
S 0.848351121 -1.142565370 -0.729694605
S 2.094946384 -0.422972590 -1.045179725
Na -0.318135500 -1.183115482 0.238635287
Na 1.784344316 -2.395490885 -2.687305689
C -2.645303249 0.996428668 2.839594841
C 0.189119056 -2.685841560 -1.734621048
Na -0.715701461 1.494621873 -0.276359499
