21

C 3.048864841 0.478311628 -4.076172829
Na 2.021439791 -0.468484700 0.478765130
C 2.245446205 -0.632587850 1.331786036
S -1.140362620 -0.686597943 0.896922171
C -3.349711180 1.590646267 1.887337089
C -2.789120913 -0.654164016 2.370216370
S 0.956387162 0.083953641 -0.303526789
S -2.703518152 -0.142648011 1.279587388
C 2.728279352 1.243430614 -0.219334632
S -0.356112480 0.286018640 0.225174993
S 2.329196453 -0.113987081 -2.008922100
C -0.576890528 -0.947593510 1.839092612
Na 2.438540936 0.470639378 -3.237053633
C -3.717009783 -0.759046674 1.089145184
Na 3.158690214 -1.053076863 -1.998081088
C -1.243089080 -1.610054851 0.316104025
C -2.889025211 0.144008234 0.145165473
Na -2.534569502 1.135373473 1.943816185
C 0.928010523 -0.124821633 -1.597235680
P 2.148815393 0.473008990 -0.549111664
C -0.704261720 1.287671566 0.186325103
