23

C -2.336532354 -2.447520018 -1.192913890
C 2.147350788 1.777123451 -0.002048570
S -1.364991426 -0.598145127 -1.050327897
S -0.337406844 0.732662559 -0.499741226
Na 0.378402948 3.418340445 0.846282125
S -0.631785452 -1.644523621 -0.261542976
C 0.263648957 2.867318392 1.298237681
C 1.725008130 0.538715959 -1.306400418
P 0.273507833 1.768717527 -0.963507831
S -1.994587183 -1.674183965 -0.559800386
C -2.759985447 -1.476464152 0.156999767
S 1.021383762 -1.050825596 1.726063013
Na 2.179459572 0.820398450 2.632902861
S 1.376751781 1.283226252 -0.604470015
Na -2.243476152 -0.083976209 -2.041003942
C 1.487447619 -1.534289241 -0.346703321
C 1.052182555 -1.600473166 2.664986610
C -0.821696401 0.641718864 0.365799516
S 0.696914434 -1.768483639 0.387024283
S 1.483794928 0.083789870 2.145207167
C -2.085828066 0.300217390 -2.922928333
C 0.786312938 -2.768679857 0.742742538
C -0.295876950 2.415335894 -1.214856505
