21

C -1.122474790 2.071189404 -2.766943216
S 1.519467354 0.185017437 1.097171783
C 2.608730078 -1.191617012 0.732758582
S 1.607728720 -1.017757535 1.214827418
C 2.251691580 0.785258710 1.740044355
C 1.349258542 -2.024438620 1.247463107
P 0.674267411 0.827063084 0.127616554
C -0.712273419 0.722910345 -4.115236759
Na -0.872241437 -2.130137682 -0.062896729
C -1.658231616 0.068873048 1.773447990
P -0.272350520 -1.056694388 -0.477668196
P -1.564813852 0.919899881 -0.902662277
Na -1.273335099 -0.795197904 3.460580826
S -0.840115905 -0.347942322 2.383825064
S -0.495924681 0.420789838 -0.635213137
S -1.014134526 1.100905299 -1.888865709
P -0.863529444 1.183030248 -3.235333681
C -2.467800617 1.015035987 -0.816349745
C 0.602097392 -1.286912680 -1.049646854
P 0.661138594 -0.291233450 2.195995808
C 1.882845879 0.841958225 -0.022914549
