23

C -1.212242126 1.805515885 -1.987016916
Na 0.458316147 3.502974510 -1.433012366
C -1.230311275 -3.250885963 4.673390865
S -1.652542830 -3.174888611 3.733453751
S 0.120009996 -0.806868672 0.478606611
S 1.241590261 2.701726437 -2.179899931
S -1.730528355 -1.999653816 2.998491049
C 1.253239155 3.616386414 -2.762132168
C 0.918852985 -1.516384125 0.685091078
C -2.168156862 -4.091494560 3.435742617
S -0.802244902 -0.449374586 1.297589540
Na -2.661148548 -1.349729538 3.388390064
C 3.208030462 2.163405895 -1.921941042
Na 1.936564922 -0.539452732 -1.269274235
P 1.019904137 1.563905835 -3.177692652
S -0.029850347 0.316561997 -0.876365542
P 2.324042559 2.194080353 -1.538882256
C 0.861511886 -1.506578088 -1.527463436
S 0.757106483 -0.609566212 -0.820080161
C 0.540700078 0.730229020 -3.265944004
Na -1.472259879 0.941644907 1.520933151
P -0.871485054 -1.449596405 1.835480332
P -0.809099734 1.208040833 -1.287463427
