20

S 0.351271152 -0.711586654 -0.375573248
C -0.049290109 2.526520252 -3.063323259
S -0.246402845 2.085816383 -1.460151553
P 0.461156785 1.810228705 -2.407845974
P 0.823443353 0.914904952 1.037448287
C 0.755263507 1.477428317 2.371752024
C -1.475441933 -3.212422848 0.509915411
Na -0.834680557 2.432974815 -0.619792521
S -0.488490701 -1.306326270 0.345448226
Na 2.495655775 0.517311871 -0.550690889
C -0.364744425 -2.322022200 -1.763994455
C -1.480701447 -1.048869967 1.024597287
Na 0.073880970 -1.356196404 2.637987614
Na -0.632314980 -2.916375160 0.092011251
S -0.112863362 0.831000447 1.849538922
S -0.369369149 -1.984297156 -0.747495353
S -0.401792020 -0.663988411 1.614199758
P 1.343418837 0.378316998 -0.001764068
C 1.244406104 1.316747189 -2.696319818
C -1.092404842 1.230835438 2.204053164
