24

S 0.900440335 -0.493490368 -0.410141677
S -1.599361777 -2.463805914 -1.147606611
P -1.770046234 -3.501910210 -1.634518027
S 0.029474687 1.499444246 0.118031368
C 2.194778919 1.519962072 1.592062712
C -2.128073692 -4.395428181 -1.937841654
C 1.781808853 -0.339324445 -1.544337869
C 2.526040316 -1.816946983 -0.563386381
S 1.351653934 0.036525674 0.881338775
C 0.450033605 1.925230026 -0.808784425
C -1.695986629 1.241677284 -1.331676960
C -2.254591703 -1.368948698 0.325811356
S -1.252321362 1.028545856 -0.346190214
S -1.451535106 -1.376463056 -0.453138947
C 1.101029873 -2.259070873 -1.435754180
C 1.548433423 -0.689617395 1.584499955
C -0.919756293 2.824806929 1.561157107
S 0.166813359 2.381501198 1.476329565
C 0.727794528 3.342957497 1.333914518
C -2.168655396 1.188335657 0.344727278
S 1.614535928 -1.446906805 -0.976685226
C 0.206410110 2.136688709 2.612302542
S -0.539463103 -0.269440204 -0.380270809
S 1.180542231 1.295678020 1.140157461
