20

C 2.837112904 -1.599183559 0.917881668
C -0.387570292 3.087058306 -0.600181699
C -3.380353928 0.000099590 -1.754863024
C 0.827427149 -0.294455349 -2.042101622
C -1.805632234 -0.678310752 -2.205226183
S 0.096116923 -0.113006227 0.061302476
C -0.767544448 -0.769267082 1.898075104
S -0.729380250 0.873843193 -0.548876166
C 1.078222513 -1.396748424 3.128821135
C -2.576033831 0.323043257 0.503308058
S -2.364745378 -0.145769045 -1.525733232
S 1.464229465 -0.940004289 2.165484667
S 1.909449577 -1.038015962 0.916581750
S 0.944978952 -0.341740251 -0.983372748
Na 0.493217766 2.292107344 -2.162366152
C 2.387716055 -0.478756338 2.742120504
S -0.197452933 2.126557112 -1.093190789
S 0.251734734 -0.642211318 1.343501806
S -1.997962117 0.360375732 -0.355873585
C 1.916469336 -0.625615597 -0.405291408
