24

S 0.733290672 -1.193243861 1.008175015
P -1.080688596 1.792693377 1.314932823
S -1.329218149 1.349535465 -1.936278820
C 0.499841243 -0.553541660 3.624647379
C 1.665835023 -1.491285443 1.572389960
S -1.403751135 1.761036992 -0.515806437
C -0.383287251 0.194710270 -3.412028551
S 1.122038007 -1.588764548 -0.666520655
Na -2.119003296 1.925905704 -2.781466246
S 0.211694688 -0.726389229 -1.257998586
C 0.082989067 -2.765742302 -2.420896292
C -0.002635386 -1.949908614 1.479699731
S 0.050250750 -0.136917219 0.152049437
P -0.414399624 0.288314104 -2.292885303
S 0.632334352 -1.898646593 -2.052608013
C -0.321380258 1.040102482 3.638825655
C 1.247419000 -1.736920118 -2.913507700
C -2.026998281 2.632527590 -0.390189052
C -0.657975316 2.547776699 1.827513814
C 2.150666237 -1.974920988 -0.659231544
S 0.209153607 0.294885665 3.037320852
S 0.472652167 0.230577081 1.558238983
S -0.698891521 1.057847738 0.408293158
C 1.360064149 0.900367618 1.677331328
