26

Na 0.395777673 -1.440866470 3.413361549
C 1.301839590 -1.158339500 -1.095320582
C -3.591691017 -0.410200655 -4.206218719
C 2.286808252 2.057155848 1.851260662
S 1.460688829 2.105957508 2.568910837
Na -1.192843437 -1.381959558 0.872535706
C -0.284931391 1.758723855 -3.072873354
S 0.864966750 -0.343952477 2.824295044
S 0.017110515 0.012653804 -2.538302898
C 1.912678838 -0.042611707 3.298714161
S -2.156738758 -1.103034019 -2.633882761
C -2.091717958 -1.807471037 -1.875299811
S -2.776921988 -0.486034185 -3.580875874
S 0.544815779 0.303923041 0.015515646
P -0.665957749 0.822048604 -3.029599190
Na -0.991119504 -2.515266895 1.029802084
C 0.753892541 2.890424252 2.290851831
S 0.514068484 -0.430184960 -1.068085074
S -1.512171149 -0.179018036 -2.974705696
S 0.540072799 0.087841906 1.421610236
C 1.053272605 1.223453999 -0.320899844
C 0.015206130 -2.370468378 3.489327192
C 0.913016677 -0.231911957 -3.079052210
C 1.698220015 2.379871130 3.580309868
P -0.135361552 -0.429152757 0.347237259
S 1.127019286 0.688419223 2.471383810
