21

Na -1.923906326 0.797743082 4.589931011
C 2.119015217 0.733954489 -3.282165527
Na 0.261706740 0.794603109 5.287066460
C 0.131644756 -1.075084448 -4.115816593
C -1.785356760 0.678232610 1.466329694
C 0.672211111 0.859447300 2.422356129
S -0.166557625 0.056924433 0.123006217
Na 0.411984831 0.303209066 -4.769973755
S -0.250837654 -0.309406817 1.673566818
S 0.537137747 -0.309738994 -3.500512600
Na 2.360775948 0.221099719 -1.619665980
C -1.419493198 -0.998490810 -1.903194904
S -0.599692345 0.613499939 4.261420727
S 0.350320011 -0.280087769 -2.023296356
C -1.067144990 -1.614181280 -0.504393816
C -0.143194050 -1.356429100 1.767423868
S -0.618532896 -0.743483245 -1.123050213
P 1.503233075 0.229347900 -2.528565645
C 0.866874814 0.603615105 0.102109306
P -1.166487098 0.448519796 0.740247607
S -0.073700748 0.346705824 2.937178612
