25

S 0.514810264 -3.008739710 -1.859886408
P -0.469182402 -2.589351892 -1.742761731
C -1.510365963 1.098002434 1.879721761
C 0.932283223 2.444375038 -0.255196214
C -0.628725350 2.704699278 1.897309899
C 2.791307211 -0.183270812 0.511945426
P 2.312550545 -1.437615275 -0.429579675
C 2.734096289 -2.328834534 -0.497646421
C 0.041076556 -2.498663425 0.223694071
Na -1.505455136 1.719255686 -1.403276324
Na 1.368879437 -3.651370049 -2.363945723
S 0.722973526 0.429857731 0.591579318
C -3.113195658 2.472144365 0.953438640
S -1.127088428 1.878308535 -0.263266832
S 0.106561385 -0.850289404 0.284640104
S 0.295192719 1.653777480 -0.072767474
P -2.280097008 2.392480373 0.585107088
C -0.190426841 3.448413372 1.579849482
S 1.793552637 -0.516543388 0.204892159
C 0.927394629 0.837310731 1.619853139
C -1.284979582 -2.420519352 -2.231535912
S -1.360648036 2.020649910 1.295010924
C -0.520051599 -0.963200331 1.247146010
C -0.497046143 -0.748906493 -1.054885030
S -0.053415630 -1.901970148 -0.699440360
