26

S 1.735230923 0.604114771 0.665867448
C -3.372971773 0.719642103 -2.495710373
S -2.590636730 -0.506859124 -0.732406199
C 0.158657655 -2.659296274 2.063520432
C 0.196179137 1.846831083 1.233535290
S -0.061591394 -1.249516726 0.322596610
C 2.813581705 -2.513612032 1.909579277
C 0.990971684 -3.433072805 0.744057357
C -1.126912355 2.529927254 -2.910363913
S 2.115082026 -1.758718848 1.469411969
C 3.594342709 1.928568125 0.854253769
C 1.059120536 2.611040115 -0.210832581
S -1.679594755 0.994828463 -1.207655311
S 2.797654629 1.332927704 0.789427578
S -2.964981556 0.728156328 -1.456661582
Na -4.044332027 1.490222573 -1.036431074
S 0.812993288 -2.402436495 1.174182415
S -0.468393296 1.625618339 -1.123235464
C -1.763023615 -2.547553539 -0.437441319
S 0.588659823 1.533113718 0.168147907
S 0.528926015 -0.081007116 0.317671984
C -3.665451527 -0.895482302 -0.464434147
Na -0.261969209 2.314790964 -2.352826834
S 2.564578772 -0.376546949 1.284965992
C 3.572700262 -0.350610703 1.746901035
S -1.528820276 -1.485068560 -0.316120267
