23

C -0.210810170 2.128263474 -1.940580368
S -0.577112734 0.552193224 0.318888187
C -0.379420757 0.945197821 2.274690151
C -0.443660915 -0.278889328 -1.496243715
C 1.333378077 1.446082115 -2.441936255
S 0.868263721 -2.296632528 0.423300624
S -1.027732849 0.282567829 1.645318627
C 2.092626095 -0.720498741 0.473940521
C -0.552750170 1.749197006 -0.037943162
S 1.250610709 -1.023103476 -0.035071876
Na 0.997384787 2.274089575 -2.149473906
S 0.233644426 2.207671642 -0.976123631
S 0.039654389 -0.172907650 -0.595999539
C -1.668614030 -1.196698070 2.410607100
C -1.461264014 -2.055781841 0.245022058
C 1.044914722 -0.507685661 -1.015746593
Na -0.701145589 -1.172833443 1.864503264
C 1.603737950 -3.027556658 0.463225424
S -0.472213089 -2.131797075 0.509027421
C 1.131559968 2.069890022 -0.175284863
C -0.569775105 3.160934448 -1.204604745
C -2.032213211 0.768489301 1.859494328
C -0.499062091 -3.000191450 -0.419008613
