25

S -0.951526463 0.396526545 -0.931170702
S 1.316982269 2.289991617 0.741228938
S 2.492514610 0.547489941 0.500829399
P 0.376081824 1.144677520 2.484126091
C 3.363505125 -1.211342931 0.728449523
C 1.533383131 3.149074078 0.126533791
C -3.372001410 -3.333966970 -0.059771754
S -2.389245272 -2.104611635 -1.590101242
S -0.639281094 0.927775443 1.770259857
Na -1.665043831 -1.120375752 -3.528451443
C 1.081781387 0.853314519 -1.053683400
P -0.476091295 0.732490659 0.395311594
Na -2.828549385 -2.561666727 -0.359619260
C -1.591898799 0.859125793 2.204376459
Na 0.683886647 0.369813830 3.359341145
C -2.982638597 -2.782447100 -2.247865438
S -1.829031587 -1.359283447 -2.418660402
C -0.335694075 -1.384049892 -0.879671156
C 3.042434692 0.921151102 1.399540186
S 1.043425679 1.113286734 0.052848406
S -1.215083361 -0.957099438 -1.387673736
C 3.120398998 0.839752913 -0.382302076
Na -1.294672728 1.258064747 -1.803397894
Na 2.417542219 -0.889805436 0.769105375
Na 1.098821163 2.302112341 2.110417366
