22

Na -0.718250036 2.407937288 -2.246548891
C 1.398166180 2.388631105 -0.094736412
S 1.291926742 -1.375069261 2.719082117
C -2.620074749 0.748925388 -1.717163444
C -0.655754864 -2.079372644 -1.570353627
P 0.866345942 0.188984126 0.627827466
Na -0.030374628 2.484002829 0.799644709
C -1.214484811 -1.632331729 1.471475720
S 1.567705512 -0.509230316 1.640283704
C -1.965304255 -1.987118959 -0.484259605
S 0.218609393 0.672752678 -0.603333294
S -0.071136698 -0.598214865 -0.079905167
Na -1.410822749 2.385627985 -3.293369770
Na 0.594567060 -2.524134398 2.908710718
C 2.632219076 -0.206031412 1.597332597
C 1.799133658 -1.025952458 3.673390865
Na -2.260477066 0.070623465 -1.860487580
S 0.173140183 1.354452729 -1.773267984
P 0.776060104 1.610005021 0.365526557
Na -0.523428738 -1.856314898 0.730935514
S -0.878213942 -1.721117377 -0.506792545
C 1.030448198 1.202944636 -2.303990841
