23

C 2.050033808 -1.538305998 1.089702129
C -0.480727911 -2.162211657 0.071623676
C 2.432006836 1.368560791 -0.674596131
C -0.665057003 0.358393133 1.795032263
C -0.512118876 1.866253495 -2.441326141
S -0.004569386 -1.539261937 -0.485938698
C 0.487234592 -0.275216699 3.013527632
C -2.076042414 0.101757035 -1.993726254
S 0.182432637 -0.252572924 -0.490551144
S -0.784148395 1.504130960 -0.079403706
S 0.508219421 -0.214393511 1.832759857
C 0.807572663 -0.971827269 -0.905663311
C -1.330369473 2.176625490 0.437639117
Na -0.689285636 1.928832412 -1.547623038
S 1.270060778 -1.205852747 1.819136143
C 1.128600836 -2.116589308 2.451049328
Na 1.582800984 1.471193433 -1.133780241
S 0.281160325 1.204828620 -0.873136044
S -0.678684056 0.226251617 0.729303718
Na -1.833402038 -0.551663101 -2.553021431
C -1.685930848 -0.225801632 0.529188395
C 1.632221103 0.282465726 1.748470783
C -1.622008562 -1.435595751 -2.338667393
