23

C -0.234971136 -1.255646467 2.471522570
S 0.006369042 0.106591806 -1.188686728
C -1.398134708 1.877060652 1.422755361
C 1.941684365 -1.885817170 2.569380760
Na -1.657178640 2.111033201 -3.433826208
S -0.922010064 0.605971992 -0.668727040
P -0.336653769 0.533922493 0.287653834
C -2.152934551 2.243230581 -0.067427255
P -0.029232340 1.300865531 -1.909603715
S -0.905532598 1.800669312 -2.633226633
S 0.604667902 -0.266257226 0.151623860
C 0.306034088 -0.591782391 -1.937981963
Na 3.203032255 -2.936784267 1.295219421
S 1.992907166 -2.363286495 1.534593582
C 2.077111244 -1.395404577 -0.489111483
S 1.563329339 -1.165688872 0.428613633
P 0.089216985 -0.362110585 2.093796730
S -1.176177621 1.779640079 0.320583910
C 1.211912274 -3.085188150 1.337068677
C -2.503140450 0.341669142 -1.848183632
P 0.805883169 -0.204901546 1.116501451
C -1.981850028 0.135086194 -1.012037873
C -0.504331350 2.677126646 0.159498617
