24

C 2.296989441 -0.702097952 -2.123638153
S 0.588192165 -1.101564765 -0.498550862
C 0.895645142 2.001639366 2.412603140
S 1.409050226 1.178821087 -1.454512119
S -1.000643492 1.097473741 2.555652142
S 0.432219654 0.785009265 0.737464428
S 0.196791917 1.335236669 1.953344345
S -0.123608463 -0.632602334 0.443513721
C 1.000960231 2.732204676 0.019059813
C -1.331395745 -2.369746208 -0.300773770
P 1.053033113 1.661140442 -0.181715697
P 0.445966095 -1.488072038 -3.483869553
C -3.129849195 0.028396752 1.920509577
P -0.581579447 -1.777071357 -0.433916748
C 0.425454319 -2.455812931 -3.261140108
C 1.432025671 -1.529767871 0.080962613
S -1.358806849 -0.315609574 0.942045689
C -2.107528448 -0.036294118 0.053284548
P 0.303839326 -0.817766070 -2.362875462
P -2.081149340 0.343321323 2.014460087
S 1.294348717 -0.361084551 -1.729253054
C -1.077498317 1.662257552 3.507979155
C -0.688136101 -1.244774818 1.578542233
Na 1.705678821 2.006763935 -2.389176369
