25

Na 4.352393150 1.120193839 0.621021211
Na -0.679869413 -0.955326200 1.934700727
C 3.424302101 1.223188281 -1.299770594
Na -5.175126553 -0.591873229 -0.880047202
C 1.175678611 1.696123123 0.081108198
P -3.124656200 0.749267578 -1.695831776
P -4.021211624 -0.848360121 -0.829270482
S -2.896341324 -0.003848563 -0.939683855
S 2.593929529 -0.725577176 0.482031435
P 0.672772229 -1.107338786 1.517535925
C 2.857332706 -1.149590731 2.452521563
S 2.127331018 0.466893166 -0.055975929
S -1.590827465 -0.099445350 -0.238378063
S -1.381500125 -1.146409035 0.640997052
C -3.444866896 1.126653075 -2.494792223
S -0.665087759 1.033941269 -0.616240561
S 2.118530512 -0.964972496 1.667751908
S 3.392796278 0.880854309 -0.298670262
S 0.692340374 0.634454608 -0.146384209
S 0.366398096 -0.725638151 0.174399167
C 0.526378214 -1.506738305 -0.607682467
Na -1.414203882 2.303171396 1.410738945
C 3.065771580 -1.455081940 -0.015101187
C -2.109189987 -2.038114786 0.559421420
Na -0.863073647 2.083573580 -1.424398422
