22

P 1.405391097 0.265799046 -1.496756077
C -2.937706232 3.100200653 1.176029444
S 0.798228979 -0.741642475 -1.277786493
C 3.481594324 -0.454555988 -2.116697788
Na -0.967912436 2.564474821 -0.355744690
S 0.565741003 -1.934033751 -0.851109684
C 0.713819206 -3.112550020 0.357202441
Na -0.335728824 1.171822309 1.233312249
S -2.537601948 2.184057474 1.600656509
Na -0.097358525 -1.068018913 1.118374825
C -3.152353764 1.270310521 1.523879290
S -1.221676946 1.921504498 0.772701442
C -1.595907211 -0.132197917 0.159430787
C 2.702947378 -1.178150892 -0.693558693
C 0.935492039 -2.328337431 -1.824910164
C 3.395386696 0.659649909 -0.804583311
C 0.350695193 0.758754790 -1.659196258
S 2.823416710 -0.207273364 -1.231860280
C -1.017333031 -2.728696108 0.607272089
S -0.755222976 0.053032767 0.729573250
C -2.461100101 2.297204256 2.711950302
P -0.092810579 -2.361354828 0.321820647
