22

C 1.240893483 -2.841537952 -0.196237177
S -0.076251939 -0.979086459 2.112942696
S 1.235854506 -3.086939096 0.859790564
Na -1.001613855 2.285217524 -3.668451548
S 0.935689390 -1.708033562 1.402657986
C -0.786831439 4.573553562 -1.136832237
S -0.734283209 0.820795953 -0.037447110
C -0.337452710 2.318207741 1.482410431
Na 2.214385986 -4.031884670 1.042586684
C 0.522480011 -3.744670630 1.381616116
C -0.512011349 -0.521212757 2.902446270
S -0.982703745 2.650970936 -1.350731611
P -0.352859050 1.835024595 0.666827261
S -0.847578466 -0.297515750 -0.094326265
Na -1.263754845 3.757062674 -0.865193367
C 1.952736616 -1.528493047 1.742518663
C 2.603585005 -4.765157223 1.112815142
C -0.428459287 2.319845915 -4.492764473
S -0.994199872 2.493851185 -2.509169817
Na -1.501201153 -0.839807868 -0.868339896
S -0.773925006 2.147754192 -0.385189027
S -0.112498507 -0.857944489 0.898070216
