24

C -1.195407748 -0.072937474 3.358361006
S -0.460154682 0.250954479 1.445021152
S -1.738281131 -1.687881589 -0.992336810
C -1.208369613 0.891692162 -0.763966501
C 4.003336906 -0.288728684 -0.412516028
Na 3.764796019 0.609980881 -0.599727333
C -0.897965729 -1.666581511 2.660216093
S -0.518630445 -1.515808463 -1.581684232
S -0.612694204 1.444426537 1.350373030
C -0.345105261 2.362223864 0.874093413
P -2.787626982 -1.479443669 -0.377937406
Na 0.395289153 1.145242929 2.154258966
C 2.787833214 1.746019244 -1.903416157
C -3.234200239 -0.560757518 -0.671301126
S -0.892295003 -0.649657249 2.566398144
C -1.636436582 1.654013038 1.526769638
Na -0.035003323 -2.192453384 -2.528191090
S -0.473225176 0.380401611 -0.157443374
S 1.411359906 0.201613024 -1.202461720
S 2.645654917 0.818380594 -1.396659136
C -3.326309919 -2.116358995 0.182113305
C 2.405715227 -0.015164718 -2.165834665
S 0.186807007 -0.335607648 -1.050425529
C 1.760913610 1.076432347 -0.313703358
