23

C -1.275056005 1.857898235 1.612513661
C -1.830561757 2.403220892 -0.167450607
C 0.804496050 0.631854534 1.892157435
P -0.575773239 -0.525770545 -0.510079026
Na 0.389797390 -2.760411263 -2.716550350
Na -2.895304918 -0.131950065 0.209561422
S -0.686253667 2.528216839 -0.373064160
C -1.173611164 -1.080520988 -1.322588563
C 1.766325593 -2.710908651 -0.522482634
C -1.575901747 -0.666339695 1.423969150
S 1.844029546 -0.846621096 0.323282242
S 0.494023949 0.623036087 -0.164627492
Na 2.308607817 -0.884212196 1.356487274
S -1.671092868 0.014983088 0.517193258
P 1.338785648 -1.881216168 -0.299750954
C 2.298990726 -0.880122006 -0.736720741
S 1.111567259 0.196725756 0.944649577
P 0.025651185 -1.764896750 0.045708977
C -0.598636687 3.546419382 -0.792645037
C -0.493814141 -2.563648462 0.493145198
C 1.206100345 1.338463068 -1.039642572
P 0.526348412 1.976549149 -0.748492539
S -1.338716984 1.579250813 0.575426877
