21

C 2.897438288 0.990257204 1.366969228
C 0.717850804 -2.693745375 0.801348269
C -3.078222036 0.383668780 -1.423452139
S -0.953166068 0.403974682 -0.026409755
S 1.928534865 0.809405923 0.834807754
C 1.059137940 0.078839652 -1.008054018
S -1.990562797 0.457571149 -1.057337523
C -0.275879860 1.725450993 1.484593034
S 0.753689826 0.201017469 0.323377430
C -1.469843984 -1.933456421 -0.552318454
C -1.540563941 0.585987270 -2.032540798
S -1.027024150 -0.952956378 -0.616800070
C 0.200567588 -1.437826872 -1.644027233
S 1.843448281 -0.756398678 0.932718039
Na -0.279020369 0.815725207 1.040199041
C -2.596165657 2.158411264 -0.137640327
S -2.124459743 1.230943799 -0.175956160
C 1.919141054 1.887522459 0.578915536
S 0.976651728 -1.735638857 0.496975541
S 0.352236718 -0.946263194 -0.584369540
C 2.686211586 -1.272490501 1.399002790
