23

C -0.951184571 -0.079110295 1.926957130
C -1.646112323 -0.968917906 -3.322301626
C -2.208677530 1.223382115 0.597236454
P -0.470284164 -2.215624094 -1.878512502
C -1.265182972 2.040296555 -0.695502698
P -2.128103733 0.874441683 -2.759917736
S -1.137277842 -0.228261441 -2.636514664
S -1.392541885 1.168614507 -0.086651295
P 0.604237914 0.006225828 0.537551701
Na 0.073124491 0.071060017 -2.821155310
C 3.765579700 -0.394297004 2.419065237
C 0.366332561 -2.447444201 -2.155204535
C 2.454225063 -0.217399105 3.872741699
C 2.321480513 1.288983583 2.483291388
Fe 3.204273939 0.658890307 3.076049566
C -0.845255792 -1.675131798 -0.211818516
C -0.008095213 1.424220920 1.672127247
S 0.883942187 -0.600620270 1.533428431
C 1.430335045 -1.332340240 1.977550745
S -0.574772179 0.075918123 -0.169425756
S -0.729217231 -1.045251966 -1.243971586
S -0.089046724 0.378752083 1.375857592
Na -1.657778740 1.993612647 -3.490880251
