20

C 1.431479573 -0.462905228 1.295794249
C -0.525101721 -0.858598530 2.790968895
P -0.839904010 -0.181638479 2.095577002
S 0.501301289 0.363437831 -1.827754855
S 0.360133559 -0.362831861 -0.600449145
C 0.635205746 -0.261257410 -2.744858503
S 0.396280140 0.176903322 1.448168755
Na -2.014280796 0.466089785 0.103813037
C -2.891864300 0.306675434 0.551537633
C -1.736922741 0.186524823 2.471213579
P -0.579966366 -1.324001312 -0.245982781
S -0.867354393 -0.186804831 0.643326044
C 0.433318198 -1.939008117 -0.531678677
W 1.450304985 2.186613560 -3.499746799
C 0.635698438 1.000646591 2.055918455
Na 1.745496750 1.252358556 -1.831043720
Na -1.388204694 -2.240020514 0.041969575
S 1.394196630 0.092729829 0.276416004
C -0.472736359 0.965476215 -1.964035034
Na 2.332919836 0.819610238 -0.529153585
