20

C -1.630390882 0.948775709 -1.646968842
S -0.685107231 1.244116783 -1.187776446
Na 0.531892180 -0.632111132 0.160801500
Na 0.301578403 -3.016360521 -0.022487922
S -0.418539882 0.444676161 -0.069920100
Na 0.290198505 -1.713029981 -1.878669381
C 0.545806170 0.598320723 2.611558437
S 0.811869383 2.812080622 -2.226076603
P 0.596027315 -0.400833309 2.474956274
C 0.303652853 -0.874370217 -2.367997646
S 0.324413896 -1.801107407 -0.498403698
P -1.175256133 0.897308767 0.746068776
C 0.548898101 -3.640072107 1.838796973
Na -0.844515324 3.229098082 0.743594110
S 0.132777765 2.154647589 -1.734002113
C 1.553271294 3.313812017 -2.732526302
P 0.579552472 -2.782386780 1.319907784
C -0.917045236 -1.608949304 1.745473623
Na -0.903485775 2.130730391 1.264456272
S 0.054402240 -1.304344893 1.459215045
