20

C 2.126757145 -0.540522635 -1.432001472
S -0.706240952 1.812590957 0.419419557
C -1.183473945 1.205392599 3.017533064
C -2.856637001 1.023447990 2.986508369
Na 1.482964993 2.262996674 -1.115229845
C -2.716161013 0.806214929 1.375374794
S -1.969623327 0.777674198 2.297288656
C 2.001523733 -1.813228250 -2.978392839
S 1.268389821 -0.917039454 -0.925096512
Na -1.110914469 -0.152595416 1.754400849
C 0.257348746 -2.056194544 0.553176045
S 1.521156311 -1.765350342 -2.020713806
S 0.986016631 -2.857470274 -1.891806126
Na -0.603709042 2.961288452 1.052271008
Na 1.035675526 2.268656969 -1.913354039
S 0.509878516 -0.313960791 0.056485627
S -0.389367104 0.581361115 0.715222776
C 0.699280739 -3.670650005 -1.568580508
C -1.186855793 1.764224410 -0.551583529
Na 0.833990932 -1.376836300 0.169078335
