21

Na 1.309314251 3.643607616 2.361286879
Na -1.033088684 0.206587166 -2.524855375
C -0.568707347 -2.908651352 -0.191819713
C 1.779623032 -0.448868275 -1.550392389
P -1.409545541 -0.027962513 -1.395266652
S 1.452785254 -0.310596883 -0.515734971
C 1.490308762 -1.712517142 1.141692281
S 1.630378366 -1.582943678 0.124765329
S 0.876950681 1.781147957 0.923660815
S -1.352028847 0.626954734 -0.384824336
P 1.090902448 2.670292854 1.839116096
S -1.121521950 1.570587158 0.264909208
P -1.464172363 -0.756721199 -0.465411037
C -2.038087845 -2.684575319 -0.396657884
S -1.233886242 -2.059347153 0.108028978
C -2.067693710 2.029478073 0.234304249
S 0.104389459 1.908976436 0.845921814
S 0.945506155 0.900425076 -0.095012419
C 1.984579921 -2.483599901 -0.343922198
C -1.125896692 -1.922346354 1.211483955
C 0.749890983 1.560072303 -1.191271901
