25

C 0.399847507 3.068270922 2.159237862
S -0.415366352 0.681512892 -1.637592912
C -0.355833083 -2.233268261 0.813372970
S 0.686887443 -1.098270178 2.482090235
C 1.263254404 -0.028301993 2.627444029
S -0.021186601 -1.193359852 0.960765600
S -0.075392909 2.242649317 1.604190946
Na -1.052363634 1.694085956 2.262254953
P 0.849453449 -0.986761928 -0.288650751
C -0.850610971 -0.497848660 0.865158737
Na 1.939346910 -1.575360537 2.284034967
C 0.193584234 2.623674631 -1.760939240
S 0.123569608 1.803875923 -1.031896472
S 0.495965749 2.169148445 0.260271013
C 1.487478733 2.652322292 0.266428471
P -0.500585794 -2.167270660 -2.274982214
C -1.511300445 -2.154537201 -2.207687378
C -1.836600661 1.704613686 -2.801566362
C 0.323290348 -2.213226557 2.921301365
C 1.441148162 -2.265814781 -1.988555074
S 0.589168429 -1.720727563 -1.656081319
C -1.809526324 -0.056060128 -3.186587095
S 0.266282082 -0.513345122 -1.263367653
C -0.188907519 -0.692244291 3.188734531
S -1.441602588 0.756243408 -2.597379446
