20

S -0.344049692 1.435058594 0.056130998
P -0.309552461 0.267751336 0.638224125
C -2.044239044 -0.124027662 -1.641440749
C -0.977141857 -0.183044374 1.078743696
C 0.890235245 1.095433712 3.331192493
C 1.564410090 -0.494884074 1.805313110
C 0.889942050 -0.284362167 -2.195177555
C 1.512970448 0.101943895 -0.695327938
S -1.861573577 -1.141378641 -1.326698780
P -0.833481431 -1.998455524 -1.338062882
C 2.226584911 0.941220701 1.482629657
C -2.815130234 -1.453203321 -1.019835353
C -1.355378747 1.863246322 0.105187170
Na 0.521463692 1.134749770 2.408253431
C -0.153830573 -2.429969311 -2.003758907
P 1.200031638 0.130571917 -1.331225157
P 1.266200423 0.407684237 1.375045300
S 0.637912333 0.424950331 -0.019370958
C -0.297556698 -1.964483500 -0.464662701
C 0.282184064 2.271197557 -0.245158523
