24

C 1.156243324 1.768783689 0.644828975
Na 1.618401885 -4.178532600 -1.135323048
P 0.381021619 1.294791937 0.308761388
S 0.156920195 -1.328257084 -1.133113146
S 2.363231659 -1.239705920 0.490761936
P 2.324607134 -0.276255548 -0.716892958
C 3.328976154 -1.792415619 0.492909580
S -2.019249201 1.619732618 0.503685772
Na -2.840806723 3.497066736 1.842966557
Na 0.836861491 -4.196050167 -0.434384733
S 1.632322788 -1.234046221 -0.976934612
C 2.125529289 -1.839071989 -1.759467244
S -0.916330755 -0.479925275 -0.489959985
Na -4.044231892 0.990820885 0.165982053
C 1.746633768 -1.985071659 1.073482990
C -0.150739446 -2.045112371 -1.856583357
C 2.586999655 0.550558388 -0.926191628
P -3.201113224 1.315678000 0.404617608
S -1.912001133 2.906383753 0.870972693
Na -1.029925704 3.610771179 0.410944372
C 2.364269018 -0.368438393 1.194510460
S -0.813041031 0.823865712 0.151189938
C -1.893435359 -0.830382168 -0.539573848
C -3.801143169 3.414812326 1.412810206
