24

C 2.530092955 -0.460320324 -0.806875348
S 1.618294716 -1.305355191 0.777295649
S 0.574281156 -0.250256479 0.913974285
C 1.067725539 1.871255040 -3.113209963
S 0.266027093 1.534866095 -2.481357813
C -1.285829425 0.212488681 -2.466359138
Na -0.398570776 -1.472070694 2.846954346
C -1.458417416 0.738845527 1.667893648
C 0.034722503 1.619817019 -3.830291271
C -0.485952795 -0.568132102 3.204490185
C -1.602336287 1.894184351 -2.556128025
C 0.791682780 1.569871902 -1.509985685
Na -0.241520345 -0.845853269 0.097208619
C -0.669485390 -2.959482431 1.505955219
C 1.783037066 -2.020296812 1.548040509
S -0.838530481 1.163714290 -2.498285532
P -1.049692154 -2.148559570 1.932924867
Na -1.415526509 -1.281742454 0.408162922
C -0.745617926 1.648015022 0.346899182
C -2.010229826 -0.970380723 -0.285500616
S -0.479479998 1.124129057 1.280987263
C 1.462287664 0.256400287 1.294557452
Na 2.351397514 -1.291455150 -0.366134852
Na 0.201640338 1.940318584 2.088784695
