20

C -1.742581010 0.344565690 -1.864717007
C -2.442803383 2.176855564 -0.519311190
C 1.443646431 -1.606253862 1.337877154
S 1.815388203 -2.448059320 -0.859033644
C 1.445522070 0.562873244 0.350959867
C 0.193704024 2.918513060 0.348232180
S -0.615716219 2.263715267 -0.037693821
S 0.444085956 0.260011256 0.618681550
Na -0.526515663 -1.788494349 1.471563935
Na -0.036975875 -1.523581982 -2.873893261
P -1.660956621 2.657441854 -0.190203056
S 0.522561491 -1.261513948 0.796478927
Na -0.227797255 0.788274944 1.943884730
S -0.362240821 0.816240072 -0.341375649
C 0.531192482 0.973716676 2.534681797
S -0.861319900 0.014282614 -1.353631258
Na 2.600616932 -3.140509129 -0.882242441
S 0.760477901 -1.651152611 -0.660951316
C -1.207744479 0.767450988 1.865504146
S -0.072544217 -1.124376178 -1.684811711
