23

S -0.412853956 0.061325811 1.479050159
C 2.123477221 3.111298084 -1.611104608
S 0.748600006 1.400807619 0.946218014
C 0.715928018 -1.112122536 -1.500049591
C -1.233656049 -0.547890663 1.716451526
C 0.423008293 2.941546440 -1.562694192
C 1.469701767 -0.468870759 0.742614865
S 1.410287261 2.517424345 0.318562865
Na -1.872089386 -3.840335846 -0.255690038
S 0.472366631 -0.067830265 0.500811756
Na -0.698769510 1.736159563 3.051227570
C -0.916226208 -3.699402571 -1.880557060
Na 2.177121162 3.201364517 1.165702701
S 0.239287272 1.163103223 2.237913609
C -2.328558207 -1.246692777 -0.145166993
S 1.315684199 2.870473862 -0.997873425
S -0.097225696 -0.746494412 -0.812122762
C -0.903503478 0.010422536 -1.164291978
S -1.511599422 -3.045826435 -1.288617015
S -1.527571559 -1.372642398 -0.894370496
Na -1.930831671 -2.071909904 -1.835691571
C 1.230129004 1.075494766 2.773208618
C 1.107294798 -1.869402409 -0.983532608
