26

Na -1.154581308 -1.187726736 -2.198493958
S -0.757096112 -0.671864212 -1.097075462
C -0.019143840 0.663095891 0.737916887
C -1.457357287 -1.840698957 0.983183980
C 5.287117004 0.632617950 -0.836244226
S -2.275044680 0.060967077 2.200288773
C -4.002866268 -1.740912557 2.305496216
S 3.295995712 0.444507122 -1.492773056
S -3.032477856 -0.023514237 2.957174063
P 3.098418474 -0.387577742 -0.691725969
C 2.515413761 1.168915153 -3.325114727
S 0.667531431 -0.020278951 -0.938657403
S 2.172934532 0.737688661 -2.419593096
C 0.147399187 0.841438472 -3.104788065
S 0.873765528 0.587608278 -2.304074049
S -0.448160738 -0.047011152 0.060215604
C -2.818244696 0.762501121 3.639732838
S -1.915870070 0.190961018 1.053156495
S 1.816566110 -0.621110737 -0.346491247
C -4.952537537 -0.627934039 3.395762205
Na 4.857293606 2.170968056 -1.887514353
P 4.578829765 1.044824600 -1.480239987
C 1.565813899 -1.371472001 0.446164161
S -1.391953230 -0.898366630 0.680225253
S -4.065141201 -0.889326513 2.902301311
C -2.586603403 1.021701574 0.761167526
