23

S -1.797070980 1.552091360 -0.895801306
Na -1.347886443 1.876767874 -2.239892483
P 1.849108934 -1.745591998 0.341851115
P 1.160180569 0.681742728 0.481099308
S 0.577471912 -0.621065617 0.394749075
S -1.237425447 1.043372154 -0.014528841
C -1.330623031 1.797380686 -3.083440542
P 1.753391862 -2.686881542 1.140197992
C 1.424121499 -3.572858810 1.176731467
P -2.135406017 2.488367796 -0.367117375
S -0.179620788 0.484990537 0.516619444
C -0.926090539 0.844375491 0.830242753
C -0.063024990 -0.198113456 -2.228551388
Na 0.677207887 -1.326596260 2.581727743
C -0.019206353 -1.777988195 3.033258915
C -0.808964133 -0.410052389 -2.343713999
C 2.540137291 -1.521142006 -0.267265618
C -2.269933939 3.383260965 -0.740449011
C -0.123044647 -1.297091007 -0.210111916
S 1.112895370 -1.707087755 1.291784644
C 2.074121714 0.469910085 0.966523230
C -2.184213161 0.498917818 -0.808696568
C 1.253874302 1.743291140 0.444783330
