25

S 2.588087082 0.568017781 -0.644119799
S 1.419197202 0.153101206 -0.249646768
S -0.406035841 0.464454174 1.898599863
C 2.034342527 1.540406942 -3.339041948
C 3.415142536 0.581465244 -0.034075715
Na 0.525715470 -0.504081488 -0.341729105
P -1.165941358 -1.403042912 3.420810699
Na 1.211421728 -0.150625631 2.049046278
S -0.294826865 -0.207783550 -1.957797289
S 0.655968428 0.085714214 0.990966856
Na -1.460941553 -0.567231238 -2.609139442
Na -1.789451122 -0.540537894 4.114764214
S 0.953676999 0.212651834 -1.466726303
S -1.211585760 -0.336133808 2.787189007
C -2.526287317 0.556450844 -1.368980169
C -1.993179202 -0.937696993 5.023598671
P -1.818914175 0.470855266 -2.068181515
C -1.719093084 1.390566230 -2.476359844
Na -0.861078501 -2.584845543 3.727191925
Na -1.685254455 0.482334882 1.794053435
S -0.490969419 -0.992266238 -3.078529835
C -0.184300810 -1.652455091 -3.749917507
C -0.090073630 1.498401403 1.977786303
Na 2.967134714 0.905975044 -1.994907022
S 1.927246451 0.966305315 -2.404855490
