23

C 0.908548176 1.065436125 1.696416140
S -3.096306562 -1.397956133 -0.086876750
C -3.015558481 -2.345320225 -0.441692442
C -1.491128445 0.862114072 1.180748463
S 3.150857925 0.502350926 -0.693020821
C -0.917631209 -0.658323467 1.742862105
P 0.977667212 -0.595059276 -0.042565934
C 0.449726135 2.007340431 0.129130200
C -0.781979084 -1.425946355 -0.861740589
C 2.036956072 2.190098763 1.012439966
C -2.993983269 -0.373268843 -1.874501467
S -1.012740970 -0.049668394 0.909115195
C -3.718236208 0.482250184 -0.497862548
S 1.834686041 0.455808073 -0.109550752
C 1.071993947 -1.449972868 0.472946674
C -0.477990568 0.199781224 -1.240420341
Fe 3.483306408 -0.036435753 -2.138272047
S 1.230467558 1.490143657 0.723330081
S -0.426381916 -0.474407315 -0.375541002
S -3.213399172 -0.329817384 -0.860138893
Na 5.019642353 0.243429452 0.533594966
P 4.222311497 0.988318145 -0.073050261
C -3.240827322 -1.350895524 0.894649863
