21

C -0.693441093 1.204611897 3.134891033
C 1.215613484 2.091042757 -0.895949304
C -1.376418591 -2.259158134 3.035786867
S -1.050546765 0.227760106 0.723787546
C -2.087980747 0.333995432 1.249800682
Na -0.091937900 0.459257543 2.803890228
Na -1.478476644 -2.437319279 1.103358746
S 0.231046274 1.823244929 -0.177363291
C -1.064871550 0.895507753 -1.370869756
S -0.644247115 0.949812293 -0.389615715
C 1.190229893 0.338196218 -3.455272913
C -0.003605411 2.349445343 0.748013556
S 1.192163110 -0.893486440 -1.955362439
C 2.869709730 1.323711634 -2.008100033
C 2.192834854 -1.254958868 -1.739113450
S -0.791937888 -0.343187213 1.882640243
S 1.806043148 1.338534236 -1.691236258
S -1.162804008 -1.730557919 2.086924553
S 1.347145915 0.315994471 -2.393349409
C -1.974288106 -3.256990671 1.094046474
C 0.375769109 -1.475456834 -1.786907434
