26

P 0.591824830 0.469221145 -3.159083605
S 0.544903576 -1.343172908 0.918471754
S -0.279636919 0.394870818 1.882054329
S -0.640666008 -1.021615386 1.888014197
C -0.517937064 1.919695497 3.928862333
P -1.451619148 1.839047074 0.030687107
S 0.550615788 1.351505518 -2.108425856
Na -2.721991777 1.755177259 0.119037658
C -0.405697018 -1.314071774 -3.586676121
C -1.034025073 2.782360077 -0.264422268
S 0.151097029 -0.412832946 -0.197137848
P 0.588900983 0.936239421 2.493228436
S 0.279350758 -1.163327456 -1.486185670
C 1.467760563 0.582731605 2.313542843
P -0.197426543 1.254452944 3.319723606
S -0.513998926 0.735665083 0.286536932
C -1.592071414 -1.474645138 2.144471407
C -0.563157856 -2.534907341 -0.359036833
C 1.749999404 -1.402907610 0.561622262
C 0.968472123 0.713434577 -4.109073162
C 0.445538253 -1.720800638 1.992955208
C 0.792536557 2.373928785 -2.274022341
S 0.198917732 0.771557271 -0.869183123
S 0.107877031 -0.791284084 -2.776387215
S 0.450863272 -1.881919622 -0.275048763
C 1.029570341 -2.818401814 -0.414524645
