21

Na -1.121909261 0.321951896 1.917992115
Na 2.923231840 -0.036546029 -0.529732764
Na -0.923680186 -0.432646453 -2.123962164
S -0.149308637 0.723766863 -0.107113495
C -3.031527758 -0.295690119 0.351166785
C -2.793129444 -1.530274153 -1.114791989
C -2.148296118 -1.771783829 0.644996643
C 0.606386721 -1.495841026 0.911956251
S -0.595652997 1.003185868 1.072115064
C -0.100202143 1.428227901 -1.014549017
C 1.638033986 -0.994523168 1.117238283
S -2.354665279 -1.030022860 -0.204460427
C -0.591613233 0.359449506 2.715769529
S -1.099916697 -0.295423508 -0.900597095
S 2.371702194 0.093081482 0.645719528
Na 3.357039452 0.398042262 1.573101640
C -0.890490174 1.985716224 1.101756811
Na 1.214405656 1.027848125 0.611266434
Na 1.973983884 0.830035448 -2.335919619
Na 1.960135579 -0.198142678 -1.522193670
C -0.244527176 -0.090411238 -2.809759617
