22

S -0.162679344 -0.710654914 -0.829671919
P -0.515667200 -1.822278142 -1.645976186
C 1.855917811 -1.684762359 -0.177113920
Na 0.027804103 1.241438389 1.498319745
Na 0.554681122 -1.694737554 -2.414174795
Na 0.979643226 2.796804428 0.022299534
S 1.811432123 0.574535549 -0.166497365
C -1.450905085 -1.636397362 -2.107477903
C -0.521382987 -2.455093861 -0.585550785
C -0.682015598 -0.623476386 2.198741913
C -1.432457805 2.495898724 0.777096272
Na -1.611588120 -0.934695482 1.106446624
C -2.031780005 1.272565842 1.847348213
S -1.183474064 1.385738492 1.133419752
C -2.027919769 0.491744071 -0.378852814
S -1.285998464 -0.095162429 0.151235461
C 2.561213970 0.865765989 0.560109019
S 1.160550356 -0.801906586 0.062015217
C 1.079172850 -0.994996667 1.209488750
C 2.192474127 0.540465534 -1.229908586
C -0.236271650 0.214316756 -1.521455050
S 0.919250131 1.574887514 0.490159065
