26

P -2.190550566 2.160506487 -0.536525488
C -2.179634333 2.426798820 -1.584486365
Na -3.410211802 2.845386505 -0.156991631
C 2.147124052 1.477720141 0.739478946
P 0.103439108 -0.930531919 -0.843410373
C 0.413186312 -1.876534462 -1.022050142
C 4.119091511 -1.160392404 1.042490959
C 1.978127003 -3.083860636 1.204174161
C 3.142550707 -2.064823627 -0.270505041
As 0.955861330 0.223664373 -0.762911797
C -4.425297737 1.019356847 -1.055622458
S -0.451505482 0.185146019 0.227041557
S 3.061545849 -0.460738659 1.063280344
C -0.298877597 1.050881505 0.933394015
C 2.003019333 0.126400068 -1.715850115
S -2.067235708 0.624487400 -0.447046727
S 2.245359421 0.552828193 0.393401980
Na -2.842842340 -0.309681654 -0.567723572
S -3.489944220 0.490390599 -1.241204143
C -3.522863388 0.413382649 -2.280954123
S 2.869959116 -1.717208147 0.662577927
C -4.222596169 2.652194262 -0.888457954
C -0.536537170 -0.524109483 1.102484941
C 1.525358200 -1.854126334 2.392703056
C 3.144761801 -0.063219234 2.075494766
S 1.928711295 -2.203916788 1.537217855
