23

C -0.486051053 2.593127012 -2.360221624
C 0.924170613 -1.173445225 -2.329337358
S -1.694747210 -0.903926849 0.082632236
Na -1.166721106 2.521902084 0.008421009
Na 1.470647097 1.823466420 0.587828815
C -1.638080001 0.503551364 1.569614410
Na -0.045473039 -0.820882916 -2.415128946
S 0.033464313 0.500824273 -2.670345545
C 2.269063234 -0.493737161 0.412852496
S 1.174174905 -0.489032865 0.739755690
C 0.083120525 0.312123626 2.978957176
P -0.424658924 1.655314684 -0.573042572
S 0.346850365 -0.233554602 1.925941348
C -1.084438324 -1.215538144 2.272563457
C 1.437091708 -0.388892055 2.495388746
S -1.056313872 -0.391375989 1.451642513
Na 1.071573615 -2.034396172 0.505080104
C 0.410082161 0.713023722 -3.641610384
S 0.673782229 0.967396736 0.223831668
S -0.332818180 1.613280058 -1.904596925
Na -1.974286079 -1.911747098 0.288504452
Na 1.989849210 -2.612547636 1.312242150
C -1.980282187 -0.534933448 -0.960974216
