26

C -2.176318169 0.482074559 -0.160613626
S -2.470672846 1.242501378 1.887590647
Fe 3.098562479 0.002680642 -5.088906288
S -1.163557768 -0.196089610 2.773079157
S -1.925353408 0.633652151 0.819968045
C 0.966076672 -1.334558606 -2.602204800
C -0.197069645 -0.800938547 3.079642057
C 4.073155880 0.514033198 -2.821233749
C -1.265324235 2.177822828 3.416559935
C -0.097583950 -2.037094593 0.381275117
S 1.286858439 -0.334499031 -2.000845909
Na 2.126592875 0.157248110 -1.058716536
Na 1.985452890 0.449350029 -2.696221113
C -0.955062687 -1.517524600 -1.543004632
S -1.892930865 1.266013980 3.177804708
C 1.135823607 0.272582263 1.226422191
S -0.082465269 -0.779979408 -1.588219166
C -3.407300234 1.708549142 1.784273863
C -2.548402548 1.208863735 4.105470181
C 3.444102764 -1.186697721 -3.016763687
C -1.972630501 -0.783218205 3.242855310
C -0.573634326 0.011362739 -2.281484127
S -0.864836633 0.076610930 1.425434709
S 3.282029152 -0.131891102 -3.224871159
S -0.058584142 -1.020459294 -0.067599371
P 0.253072679 -0.080395035 0.830308080
