23

Na -1.901805401 1.898571610 1.608007312
C -3.200288534 -0.304273278 0.979383707
C -0.592534840 -0.565253735 3.374081612
P 1.524196506 -0.216380939 -1.192055345
S -1.316025972 0.028583732 2.875697136
C 0.128901511 0.344658315 -2.494971275
P 1.613589168 2.268875360 -0.988114536
P 0.589207530 -0.897530079 -0.426665485
C 3.246887207 0.572319567 0.934271514
S 2.019913435 1.039303184 -0.587177634
C 0.741498888 2.666656017 -0.835298955
Fe -2.120508671 -0.241788536 0.305740863
C 1.400093317 -0.300524175 -3.519130230
Na -0.521892786 -1.444512486 -0.909618676
S 0.923467457 -0.465231150 -2.490012407
S -1.656385303 -1.539386153 -0.470046222
Na 0.048079651 0.878195822 1.287838817
P 3.018720627 0.953297853 0.200963601
Na -2.197404385 -2.631779194 -0.543596506
S -1.203890204 0.710770965 1.639757633
C 0.840577483 -1.592689633 -2.697423935
C 0.838551283 -1.274785519 0.536747098
C -2.222948790 0.112902999 3.411622286
