26

S -3.759610891 -1.860017776 0.872998357
P -0.404797971 0.563312531 1.435529828
S 2.319085121 -0.600622773 -1.632156730
S 1.783169270 0.750107944 0.187961459
P 0.095673248 -0.912268341 -0.291349620
S 3.455716848 1.629824400 -1.278204679
S -0.346501082 -1.929234385 -0.910120904
C -2.964137554 -0.177355871 -0.594403207
C -4.761416435 -2.032386780 1.146968961
C 2.132350922 1.405308843 0.901017845
P 3.219286442 2.996896505 -1.253547192
C 0.153711841 1.015185595 2.215561390
C 3.798928261 3.670707941 -1.823655009
S -2.299315214 -0.513254702 0.250230283
S 0.523387611 0.142825976 0.449022293
C -1.993656516 0.875540674 2.477929831
C 3.774225473 1.428450108 -2.336635351
C -0.185626417 -2.750430822 -1.426832676
S 2.522117853 0.457532525 -0.990460575
S -3.095871449 -0.613268256 1.352325320
S -1.852412701 0.215924323 1.586575270
C -3.367502213 -2.592520714 0.344180822
C 4.115092278 1.708508015 -0.371498197
C -3.786705017 -0.270320833 2.150467634
S -1.105951905 -1.155556917 -0.346267909
C 2.030761242 -1.452886820 -2.115637302
