25

S 1.898560047 -2.437999964 0.829351485
S -0.894262791 0.701227486 -0.236484274
S -1.726503253 0.944835484 -2.543640614
C 2.276701212 -0.756656587 -1.006174207
C -2.592334986 0.404037237 2.350076437
S 2.458010912 0.238399237 0.347718090
S 0.116475232 -0.050104950 -0.634935081
Na -1.002277255 1.683052421 1.716302991
C 2.552634239 1.278349280 0.065614507
C 3.184881210 -0.040211152 1.015569806
C -0.023922628 -1.272201419 2.806304693
P 1.249025822 -1.463223219 1.081217527
S 1.476502776 -0.526537418 -0.193751052
Na 0.846744239 -1.064055681 2.350699902
P -2.338231087 0.524820507 0.264333963
C -0.895330012 -0.531345904 -3.341709375
S -0.968829811 0.416202009 -1.545038223
C -2.291841269 1.530400634 -3.013300657
S -0.230175033 1.632954359 0.728672862
Na 2.362055302 -3.448877573 0.769624531
C 0.428090423 -1.192101836 -0.940627635
C 0.612605095 2.233511448 0.670873642
C -3.114055395 0.373409778 -0.405369908
P -1.183055639 0.018542172 -2.632338524
P -2.201467276 0.803573191 1.497009039
