20

C -0.060997140 0.934706926 2.767938375
P 0.903903067 2.186810493 1.431118011
C -1.186108232 1.448397994 1.476375461
S -0.660338521 -1.543846130 0.453708678
S -1.087028861 -0.702357113 -0.367094487
S -0.614641547 0.124620512 -1.081558228
C -0.271718174 2.087835789 -0.822218716
C -0.723947644 2.642360449 2.641335011
Na 1.350437522 -1.308082461 0.742982507
P -0.204686821 0.483297855 -2.130401134
P -0.189629763 1.143683076 -1.082646012
S 0.645606577 -1.735879540 -0.145879611
C -0.254342884 0.034380414 -2.955187321
S -0.341476887 1.757282376 2.075337410
C -1.120043874 -1.959195137 1.256779075
S 1.213595867 -2.422852516 -1.256392837
C 0.955264211 -2.376799345 -2.295286179
C 2.001015425 -3.097433805 -1.110487461
C -2.080564022 -0.512271583 -0.606103420
Na 1.725702167 2.815341711 1.007680893
