26

Na 0.451206744 1.839669704 -0.028976815
C -0.188747421 2.549490452 -0.444496304
S 0.339593649 -0.374127388 -1.251835942
C 1.085834384 3.185119390 2.275516987
S 1.103757501 2.157255173 2.405884027
Na -1.720714808 0.541079462 4.064634323
Na -0.616156220 -0.450562805 0.822569549
S -0.197132304 -1.300046086 -0.433940858
Na -0.598967612 -3.597572803 -2.251039505
Na 0.217967391 -2.549013138 -2.831342697
C 2.013978958 1.735402942 2.195508718
Na -1.104178429 0.603220940 2.880018711
C 1.447003365 0.027018052 0.700182259
C 0.187185645 1.824558139 3.745691299
S 0.544136941 -1.399125814 -1.998043299
Na -1.532521605 0.745430171 -1.759477854
C 0.026910245 1.342800140 -2.722464085
Na 1.969311476 -0.489990413 -3.407513380
S 0.367959708 0.316634893 0.359021187
S 0.019520391 1.363358021 2.756400108
C -0.634368837 -2.483051062 -0.401099026
Na 1.607550383 -0.625054836 -2.293053150
S -0.353265524 0.461959898 1.760529280
Na -1.571782231 -3.176690817 -1.353116870
C -2.413786411 -3.036650181 -0.809528112
S -0.450295299 0.788887560 -1.980027914
