25

C 2.048922777 -1.770424962 -1.392474890
C 0.524470747 -0.884714484 3.158398390
C -1.371397138 1.714225292 1.231257081
P -2.182244539 -1.114009857 2.898528576
C -0.255415410 0.673412383 3.662325859
S 1.192533970 1.810127378 -1.511701584
C -2.992004395 -0.620429516 1.177754998
P -0.432538360 0.114727162 1.653113723
C 1.244482398 0.798866689 2.829493523
C 1.751432061 -0.730091274 -0.151265413
P 1.324617982 0.814478993 -1.905038357
C 0.739415288 2.723236322 -1.376309514
C 2.199541330 0.181369513 -4.420867920
Na -0.035423178 -0.848301411 -1.026862502
S 1.539895892 -0.210271835 -2.399744749
C 1.536639094 -1.426155686 -4.150325775
P -1.726032615 0.739677668 -0.425434619
S -1.322648406 0.629434347 0.942642689
Na -1.850141168 -2.306440592 2.867458105
Na -0.825905323 0.164884016 -0.768371701
S 0.335402369 0.182718962 2.891975880
S 1.433402061 -0.809185982 -1.201831579
C -2.687478542 1.027022243 -0.485300452
S 1.787614346 -0.512566566 -3.737338781
S -1.977141023 -0.341589332 1.639919519
