23

C 4.301474571 4.578268528 1.099322796
S 0.734884918 1.470110893 -0.506609321
S -3.174883604 -1.926570773 -0.295827299
P -0.948800862 -1.262513757 0.674223363
C -3.364177942 -1.778691530 0.778809965
C 2.279108763 3.743786097 -0.069404006
C -1.305502772 -3.978602171 -0.764063835
S -1.729278922 -1.990196347 -0.126215383
C -3.598083258 -3.654164791 -1.652868867
Na 4.000464439 3.594308376 1.011083126
C -0.256742448 -1.877384067 1.082885861
S 1.384960294 0.847171843 0.655135274
S 2.807766676 2.934179068 0.383786142
C 1.229425788 1.634043574 -1.413998008
C -0.294726193 1.398853064 -0.640910447
C 0.525493979 2.244047403 1.580645919
C -3.508056164 -1.239637613 -1.032142639
Fe -4.046390533 -3.216771126 -0.748344362
C -0.182423517 -2.753034115 -1.337115407
S 1.387015343 2.142214537 0.835308969
C 1.450545073 0.026603460 1.149368882
S -1.046730161 -2.953290939 -0.817961991
C 3.354656458 2.017269373 0.154890716
