24

C 0.645069718 -1.127444386 -0.925651848
S 0.219219327 -0.559571028 -0.076659083
P -1.189684272 -0.417343855 0.115060583
C 1.696535945 -0.497379035 2.355155230
S 1.242116213 0.500907779 -0.126344249
C -2.193625212 1.873161554 -1.740509391
C -0.191204384 1.411171436 1.458623528
Na -1.550945878 -2.063238621 -1.834094644
S 2.358403683 -1.036636710 1.822989941
C -1.078535557 2.840894222 0.025277283
C -1.390209436 -2.388188362 -0.992149711
C -0.052111432 -1.090633750 0.938133061
Na 2.377003908 0.620242476 -0.653403819
C 1.436652184 2.078980207 1.167135954
Na 2.019405365 -2.217400551 1.491174817
S -0.551699996 1.985872269 -0.178389132
S -2.181222916 0.420820504 -0.150204644
C 2.043726683 -2.398977280 0.541858912
Na -0.629017055 0.762269676 -2.274090290
C -2.317857265 -1.583546042 -2.277205944
C 3.281949043 -0.634871066 1.614449739
S 0.603623331 1.580445051 0.619426072
Na -3.249907732 0.672908366 0.327951401
S -1.347684503 1.267557621 -1.248533726
