20

Fe 0.978410602 1.879754663 -1.944780707
S 1.069964647 -2.261721373 2.736730337
Fe 1.228372812 -2.078096628 1.908728838
V -0.105768390 0.931557477 -1.398248196
Al 0.370096773 0.191906795 -1.115500569
Cl 0.073828533 0.514975607 -1.915424109
Cl -0.847969949 0.927324355 -1.429482937
Cl -0.642448127 1.350198269 -1.509964824
Y 0.482685238 -0.506165624 -0.377087802
Y 0.260447443 -6.821295738 8.410861015
W 0.922271192 0.234859720 -0.952839077
Cl -1.567149401 1.681941748 -0.187620372
Y -2.729863882 2.545979738 1.222632289
V -0.639366806 0.759942055 -0.701609671
Y 2.347101212 1.461845160 -1.981629491
Y -1.038442373 0.891588748 -1.815143704
Y -1.333111763 1.117200136 -0.772799015
Na -1.423778415 2.068318605 -2.399864674
Na 1.164060831 -1.952467561 2.012289286
S 1.430659771 -2.937646866 2.210755110
