23

S -1.207639217 -0.290678710 -0.610804200
S 1.264401674 -0.464231163 -0.075442865
C -1.657814980 -1.809778690 -0.457744330
C 2.723097563 0.805343568 -0.353709877
C -1.823070765 -1.187173724 1.233192682
C 3.056373358 -0.138976336 1.181101441
C -2.742429495 0.676990986 -1.445863008
C 0.362659603 1.112872481 1.599637032
S 0.012335682 -0.435309529 0.430612803
S 0.455785751 0.038300086 1.636962533
S 2.476136684 0.059672594 0.305850238
C -0.187475830 -0.450053662 3.326868057
C 1.225702167 -0.962194979 -1.050452352
S 0.784399688 -0.501204491 2.909818888
C -1.771914124 1.625396967 -3.742374659
C 2.703353882 -1.089357376 4.052387714
C -0.190871134 1.140729785 -3.015183449
C -1.726130128 -0.142326698 -2.990023851
S -1.291834712 -1.038019180 0.327622145
C -1.257812977 2.292187929 -2.280396700
S -1.246634007 1.251977801 -2.815684319
Na 1.777598023 -0.909984052 3.665818930
S -1.738217235 0.415816396 -1.832192421
