23

S -1.289959311 0.745285153 -1.032425165
C 1.122083783 -2.556180477 0.682393730
C -0.288719028 3.241732597 -0.703887820
C 3.423971891 -1.247150540 -1.736014962
C -0.731681526 -0.635083556 2.733331203
C 2.439225674 -2.620287895 -1.976037145
C -3.142124176 1.836474299 1.247244596
Na -0.733911932 2.767477036 -0.091896050
Na 1.390861630 -0.819085419 -1.132467508
Na -0.715078712 1.111907244 -2.069732666
S -1.815241933 1.760166764 -0.205586240
Na -2.182030916 1.862155199 1.114346623
S 1.185341358 -0.375372350 0.352173209
P 2.455733061 -1.652085066 -1.625899196
Na 1.774566650 0.754538119 0.665404201
P -0.913263857 -0.595618188 1.714864731
C -2.791704178 1.685527563 -0.830802977
S 1.168912768 -1.660678267 1.163423657
C -1.459169865 -0.327054590 -0.916802347
C 1.179777503 -0.155736163 -1.921146631
C 1.695688963 -1.694703221 2.073720932
S 0.089933328 -0.762558937 1.125042200
C -1.863209844 -0.663668633 1.370753765
