20

C 2.345390320 1.286582112 1.710235000
C 0.329020500 -3.329050303 1.878350377
S 1.031846166 0.648797154 0.104735866
S -0.868845820 1.767180562 -0.419310540
Na 1.156652689 2.875076294 -0.194785699
C 1.347789407 -1.872603536 -0.151010469
C -1.361072540 -0.496666104 -2.048692703
S 0.010284986 -0.168725565 -0.386432320
S 2.277808666 0.571598113 0.877311945
S -0.585048258 -2.290539742 0.505053997
C -1.233212829 1.831038952 0.648523033
Na -2.407663822 -0.076102063 -0.331673861
C -1.697555900 1.197230697 -1.964816689
C -1.227716327 2.852104187 -0.789173365
Na -1.637677789 -2.662557125 -0.159759477
P 0.370718747 -1.563786268 -0.216110155
S -1.409123182 0.379016817 -1.123864293
P 0.594549417 1.830477595 -0.382995009
Na -0.364739925 -2.632431507 1.794210792
Na 3.328595161 -0.146639898 0.650203466
