21

S 1.234044790 0.069998339 -1.783499956
C 0.123887986 -2.668611050 0.519798696
Na -0.869073629 1.040894866 2.615793228
S -0.915822923 0.851595104 -0.133129030
C 0.510201991 1.497091293 1.516282678
S -0.300745577 0.725905299 1.422978759
C 2.316799641 -0.210222736 -2.365505457
C -0.992609560 1.620322347 3.449060917
C -1.603484869 -0.035787988 -0.306516528
C -1.452163339 1.841220856 -0.004110992
Na -0.670337498 -1.574099064 2.510609150
C -0.644247949 -1.180025101 3.449441195
S 0.202884063 -1.625246763 0.264367580
C 1.884317994 0.708233774 -1.038340926
Na 0.511508286 -2.233832598 -1.768658876
C 1.080656052 0.015286533 -3.030943155
C 0.013408333 1.950029850 -1.874770880
S -0.141493306 0.864414036 -1.503218174
P -0.021356560 -0.825982511 1.413934469
C -0.867911696 0.409366280 -2.279547691
S 0.601537466 -1.240550756 -1.074025035
