20

Na -1.807641864 0.305770755 1.198572993
C -1.260233164 -0.631216049 -1.955427170
C -0.060103107 0.385543019 -3.618584633
S 1.382246017 0.227792114 3.044849634
C 0.991380334 0.597260177 3.971757174
Na -0.354311049 2.453615904 -3.373395443
Na -0.783566594 1.223423958 0.182329834
P -0.741514206 0.115901217 -2.285539865
C -1.244429946 1.834700227 -0.472249478
S 0.429179996 -0.590939403 1.642729044
C 0.440638363 -2.727251768 -0.743733227
P 0.408570319 -2.092284203 -0.057572547
C -1.827233076 1.173204780 -3.504904032
C 2.067665339 0.941753328 2.714243889
C 0.807315767 -0.862307429 -0.573536038
P 1.188643813 -0.921624362 2.644771338
S -0.630267382 0.052034177 0.793456554
S -0.789407909 1.095202923 -3.242464066
C 1.529682994 -1.645987034 3.259917974
S 0.253384888 -0.934592426 0.374777824
