23

S 0.465657711 -0.199853435 0.342658132
S 0.406015038 -0.536622167 1.574955463
S -2.063307047 1.369970202 -1.394057512
S -0.886346400 0.828022897 -0.148753420
C 0.400883645 0.645141244 -1.777116418
C 0.155417770 -0.960110843 3.986517668
S 0.019373689 -0.818066478 2.989487648
Na 2.615167856 -0.756155372 -1.348458648
C -0.424570531 1.809965968 0.315533429
S -0.672702789 -0.738214672 2.008913279
Na 2.728139639 0.201373786 -0.185772330
C -3.298271179 1.374409318 -1.429826260
C -1.741864920 2.438147783 -1.562867522
S 0.071520649 0.089844875 -0.867498398
Na -1.988390923 -0.226908043 0.589684367
P -2.205903053 0.516504943 -2.069040298
C -1.741784692 -0.948820293 1.498497725
C 3.811936855 0.115877219 0.082972169
C -1.882626534 0.049315337 -2.701091528
C 2.293444633 -1.091559887 1.449401736
C 2.516337633 -1.704415441 -1.120716572
C -0.240687460 -0.971837878 -1.135241866
S 1.662560582 -0.486009300 0.901818275
