25

S 0.015616773 -0.791294456 2.195236683
C -0.663254857 2.207938910 -0.233296648
S -0.870280504 -2.021267176 2.333937407
C 0.844533861 -0.688935935 2.749721289
S 0.463920504 0.699687719 -2.444900751
C 1.510268807 2.361008644 -1.087539077
C -0.636647046 -3.100601196 2.558998108
S 0.409193277 -0.426711917 0.097023904
C 0.589145958 2.564781189 1.048240423
S 0.269474626 1.718580484 0.378150731
Na -2.091467619 0.594782472 -3.082619429
P -1.738856554 -2.224716663 1.277366638
S 1.140236616 0.344766796 -1.067127109
S 1.000477910 1.481202722 -0.726806045
C -0.881463706 0.826705694 1.726656675
C -0.584211051 0.795577168 -4.364295959
C 1.628417015 0.421777964 1.148360133
C -1.084858894 -1.519812822 3.267338991
S -0.807085454 0.681605697 -3.260075808
C 0.864198625 -1.436799407 0.217727453
Na 2.299920797 -0.359717101 -1.248177290
S 0.100551195 0.304266870 1.201015353
C -2.446602821 -2.639244556 0.937897742
C -0.620765448 -0.690911055 -0.508701801
C 1.289537907 0.897329867 -3.114131451
