24

C -0.415634602 0.703272581 -1.512276292
C -3.474941015 0.731853127 1.738557339
C 2.530616045 -1.678373575 1.891245604
S -1.350475550 0.757438898 0.351557910
C 1.700506926 -2.897729158 0.945348561
C 4.347340107 0.288478911 -1.074762464
C -3.879779339 1.407664180 -1.414623976
C 4.623623371 -1.101857901 -2.032979012
C 2.368877649 0.962575912 0.401855409
S -3.778613329 1.017683148 0.472695351
P -4.307924747 1.007075429 -0.631810308
C -2.341142178 2.137594938 1.183831930
C 4.228410721 -1.328317165 -0.102208860
S 1.495708942 0.287620395 0.562756538
C 0.922915518 0.512326479 1.269622564
Fe -5.515746593 0.109117955 -0.867327154
S 2.176236868 -1.912069082 0.919432819
S -2.732006311 1.220873356 0.955017388
S 4.238975048 -0.746376276 -1.064865112
S -0.588703573 0.647203982 -0.496092647
C -5.502122402 -0.401270390 -1.966041565
S 0.112882689 0.428347498 0.242914662
S 1.959298849 -0.906656325 0.292424977
S 3.181699038 -1.246476769 -0.064273842
