23

S -0.188130528 -2.293146610 -0.540623426
S 1.406744242 0.913071871 1.143522501
P -1.018005133 -3.360592604 -0.618513465
Na 2.460767508 0.882556975 0.244667098
P 0.542439818 0.615562439 1.999786019
Na -1.788873792 -3.731417656 -1.475436330
Na 0.768413484 3.343816280 0.514427900
C 0.798739135 -2.243451118 -0.181552291
S -0.605647981 -0.978677809 -0.872344851
Na -2.166972876 0.917988122 0.705643058
Fe -0.486396730 -1.008761883 -2.621920109
S -1.550610185 0.042449694 -0.193271533
C 3.417796135 1.274408102 0.448670119
Na -2.551117420 -0.908931911 -0.247741774
Na -1.626757145 -0.909250438 -3.496422052
S 0.434141517 1.137463570 0.658852398
Fe -0.123161331 0.364281863 -0.048598468
C -0.101092391 1.133183479 2.498383999
C -1.309358716 0.916218638 -1.156599402
C -0.173742712 -0.412722886 1.135759115
C 2.153108358 1.271726608 -0.737243235
P 0.182611749 2.427231073 0.336500049
C 1.525104403 0.606994331 2.504054785
