24

Na -0.845118165 -2.023590565 1.808430791
S 2.271413565 -1.056915760 0.213420898
S -0.893031478 1.222138643 -1.951858401
S 0.168821976 -1.710306168 1.794003367
C 3.243097305 -1.917837143 1.818419099
P -0.382024527 1.577373505 -3.237940788
Na -0.549969614 2.497360945 -1.508050323
S -0.414955586 -1.002324224 0.816681087
C -1.858090520 0.618856072 -2.161667585
C -1.784478426 0.132285669 0.934912622
Na 0.700498283 -0.489833802 -0.167516947
C -2.089458704 -1.180459738 -0.406861603
C -1.584738970 2.925566673 -1.721315861
S 1.344912410 -1.973155260 2.287252188
S 2.276499987 -1.631844044 1.432566166
Na 0.000805831 2.685152531 -3.878398657
Na 0.759617329 2.661037207 -1.195180893
S -1.356045961 -0.489639074 0.075296685
Na -2.183434963 -0.247926161 3.526387453
Y -1.154736757 -0.775676787 4.551067352
C 0.367168039 3.062053680 -4.742910385
Na 3.081261873 -0.727573037 -0.689111650
C 1.517103791 -2.310136795 3.275187731
S -0.635115921 0.155392766 -0.872811317
