21

Na 0.565269828 1.709759474 -0.339051127
Na -2.741307974 -0.650800467 -0.206764251
C 2.225566626 0.461762875 -0.181146413
S 1.570663214 1.199018717 -2.526136637
C -1.125750303 0.950797260 2.430111885
Na -1.206570864 -2.011350870 1.618309736
Na 0.515763164 0.396118492 -2.245870352
S -0.968979537 -0.819335997 1.312999129
Na 0.651384532 -0.106029324 2.796685457
C -0.892825246 -2.319864273 -1.242687345
P -0.306820005 -0.444424689 -0.132798567
S 0.471128315 0.569249749 -0.893411100
C 2.522404909 1.039835215 -2.198031664
C 1.685624480 1.467054486 0.060490537
C -1.112799287 -0.356235862 3.598898888
C 1.408052802 1.961839199 -3.218122482
S -1.622272730 -0.129423559 0.166034833
S -0.626096249 -0.032157503 2.601979971
Na 0.159608811 -2.388796329 -1.195128441
Na 0.627779901 -1.468179345 -0.274272174
C -1.799824357 0.971162617 0.067910120
