22

S -2.511813164 1.302665710 0.616876483
C 0.841221273 -1.924753547 -0.328500032
C 3.319059849 -1.229239821 -1.764961958
S 1.031457186 0.018260272 -0.450133592
Na 1.098349810 0.715497375 -1.433571696
Na -3.778326988 0.633297384 0.293596685
C -3.579258442 -0.139638022 -0.365283430
S -1.426393509 0.575401485 0.834587276
C -2.173642874 -1.427006602 1.448066711
C 1.586329579 0.266925603 0.452137768
P -1.236191750 -0.861380100 1.442109585
Na -2.687115908 2.253101110 1.344024658
C -1.878506899 1.683318496 -0.711432457
C -4.175924301 0.233079925 1.251973629
Na -0.353832632 -1.420327067 2.185812473
C -0.655729890 1.118179679 0.648999631
S 4.017113686 -0.517297328 -1.355549097
C -0.659242988 -1.153641105 -1.059717178
C 5.062553883 -0.856308222 -1.181009650
C 4.020998478 1.303093195 -0.359860033
S 3.851943970 0.580343962 -0.920597136
S 0.286951751 -1.153572917 -0.587568402
