23

C -1.649595499 0.222591117 1.175401092
C 1.565509558 1.373498917 -0.368546396
C -0.007249811 1.577379942 1.394007802
C -0.095982648 -2.762555838 0.595384300
C -1.478632212 -1.591269135 1.139070153
S -0.463028669 1.167616129 -2.130433559
C 1.477561831 1.243099093 1.137382030
P -0.366911143 0.515600979 -0.780974805
Na 0.139645547 2.104396105 -2.864288807
C 0.090699956 -1.127935290 2.054994583
S 0.623809516 -0.511481941 -0.506501436
S 0.612439752 1.350408912 0.379649758
S -0.805319548 -0.485683352 1.388663888
C -1.021936059 -0.661450148 -1.334168077
Na 1.611279488 -1.095251083 0.167251572
C -0.675145984 -0.389063954 2.460228920
C 0.054080792 2.255830765 -0.001703425
C -1.339869976 0.942353904 -2.586765766
P 0.009296872 0.483121812 -1.360105157
Na -1.058064818 -2.617615938 0.420471340
S -0.137425125 0.160298854 0.050946608
C 0.871718705 -1.258563280 -1.192781687
C 2.043119907 -0.895326972 0.762818158
