20

C -0.370955348 2.446580887 -0.256475657
S 1.101938128 -0.992208123 1.677487731
C 0.573593438 -1.177949667 2.652167082
C -1.949385285 0.493979812 -1.583482265
Na -1.939416647 -1.194082379 2.293330431
S 0.107187234 -1.299914837 -1.065564036
C -1.806613922 2.186541319 -2.084513903
P 1.024169326 0.834462523 -0.159215689
C -0.742681384 0.560596108 1.082206726
S 0.410769343 0.373871535 1.121478200
C -0.703012586 -1.407768488 -0.290742725
S -1.381937027 1.362672329 -1.558626056
C 2.177475929 -0.686686516 1.643376946
C 0.622318625 1.061944962 1.978888512
S -0.114563353 1.568292141 -0.944129407
C 1.135145426 -0.424877435 -0.823677599
C -0.236180693 -0.874657452 -1.963059187
C 0.336958081 -2.350632429 -1.189955950
C 1.182648897 -2.080180645 1.272092223
C 0.572542250 1.600016117 -1.801586151
