22

C -3.236688375 -0.995125353 1.014294267
C 1.959730148 1.244496703 1.286587358
Na 2.592487097 0.255186379 -0.375569761
C 2.345440388 -1.472358584 1.142987967
S 1.344207168 -0.953304946 1.234727144
C -2.340306997 -2.463738441 -0.285449326
Na 0.369378000 2.739943981 0.514166236
C -2.131806135 -0.138720274 -0.637079358
S -0.240609422 -1.236326814 -0.320954353
S 1.666558862 0.591213346 0.438273489
C 1.251251936 1.849060655 -1.290991783
Na -0.717785537 1.692677617 -1.159192562
S -1.603182912 -0.927862763 -0.158448219
Na -2.158862591 -2.281775951 1.707072496
C -0.711916029 3.492171288 -1.914075494
S -2.380324125 -1.645847917 0.614508867
C 1.141087294 -0.743873596 2.285543919
Na -1.120854974 2.599086761 -1.981701612
Na 0.417327225 -1.883388042 0.679682255
S 0.579980969 1.758120775 -0.378656834
Na 0.208471358 -1.077967405 -1.405916095
C 2.766416073 -0.401666850 -1.009809136
