23

S 0.304598421 2.884017467 0.881267965
S -0.725739777 2.246092796 0.089222409
C 0.538531244 2.759886742 2.023195744
C 0.677206457 -1.220525503 -1.793911815
C -0.256196797 0.905497313 1.958974957
C -0.087136775 -2.818538666 -2.404106855
C 0.623405159 -3.378332138 -2.192732334
C -1.447332501 1.309473395 -0.789354026
C 1.022444367 -1.399926424 1.323957324
C -0.718805969 -1.558344603 1.775804520
S 0.010035307 -2.223946810 -0.169577032
C 0.029293781 4.014325619 1.091775060
S -0.511706233 -0.021350140 0.360414326
C -1.195347905 -1.986159205 -1.591215968
C 1.608808756 -1.371599078 -1.398911715
P -1.457378864 0.091328673 -0.425435275
C 0.425905526 -3.171871424 0.068016596
C -1.426604390 3.054968119 -0.181111470
S -0.040274668 -1.352032900 0.927168787
S 0.138554692 1.205988884 0.908799529
C 1.194715619 3.210488081 0.240547046
C 1.275294304 0.938371837 0.814214408
S 0.017729893 -2.117812872 -1.517002106
