20

S 1.216414928 0.748039961 -1.120419145
S 0.321390837 -0.090997107 -1.208126068
S -0.412049353 0.790465176 1.973350286
C -2.054506540 -1.996522427 1.405995965
S -0.773292303 -0.349720269 -0.482391834
Na 0.166175708 -1.157616735 -1.451752782
C -1.318635464 0.446931154 -1.042736530
C -2.401282549 -0.707106769 2.345665693
C -1.875923514 -0.787401021 -0.463382781
Na 0.635306954 1.605856657 1.952341318
C 1.349040985 -0.619379222 -3.154644966
C -1.311377883 1.339384198 1.565863371
Na 2.345757723 1.189279079 -1.466094255
P -1.685543060 -1.121682167 1.706000924
C 3.069181919 0.470599502 -1.776536822
S -0.493891448 -0.478491545 1.087805748
C 0.528226852 -1.033707857 1.160923004
C -0.558111131 0.455851734 3.058514357
C 2.504636049 2.169466257 -1.669162989
S 0.748481870 -0.873248696 -2.421212196
