21

C 0.133097842 -1.596771479 -0.057323784
Na -1.536598921 -0.763470769 -2.246592045
C -1.026487947 1.899052501 -2.201470137
C 2.198201895 1.788045406 1.371361732
C 2.424300909 -0.022561746 2.756114721
C -1.454141974 -2.108885765 0.535051882
S -1.760868073 -0.793341994 -0.934931695
Na 1.700629592 1.988066912 -1.146498561
C -0.674625576 -1.178249836 -2.622816801
S 1.943802595 -0.112388484 1.804571033
C -1.139722824 -1.157148600 2.605408669
Na -1.620188236 -0.370493323 2.092731953
S -0.929455400 -1.251329303 0.089497335
C 0.244809330 1.026510239 -2.988204718
S 0.548067808 0.655169904 0.584313571
C -2.675736666 -0.471946120 -0.489761561
C 2.037224054 -1.062043309 1.471349478
S 0.666538596 1.279363394 -0.874419153
P 1.602657437 1.024487138 1.348794103
S -0.109115861 1.365525484 -2.057811022
S -0.572387755 -0.137589872 0.960633934
