22

C -0.103948824 -1.036673546 2.304346800
C -1.604776025 -1.480862737 0.491045922
C -0.216348737 -1.103396297 -3.125252247
C 0.425817311 2.474969625 -0.109706998
C -0.752233267 -2.235897541 -1.916687846
Na 1.777530074 1.173218489 1.526884437
C 1.254306197 0.649622679 -2.197188616
S -0.585001767 -1.215635896 0.262272060
P 0.547285318 1.203788996 -1.721540928
P 0.571075380 1.478569627 -0.397248149
C -0.496714741 0.722385466 3.348428249
C -0.239797950 1.532614946 -2.337819338
P -0.706973374 -0.630187035 -1.130580425
S -0.497324735 -1.260823011 -2.155591965
C 0.005696579 -2.152446985 0.226924568
C 1.629454970 -0.246311650 -0.071648903
S -0.778690398 0.436870039 2.317071676
C -1.451488733 0.106268078 -1.123250365
S -0.095549196 -0.338460147 1.314989448
Na -1.848871708 1.029622912 1.923766971
C 2.175185680 0.448040128 2.055420876
S 0.991368353 0.444724411 0.515364766
