20

W -3.026288986 3.951724291 1.015899420
Pr -0.237555251 2.190557241 -1.009289026
Na 2.661939859 -1.991203785 -0.459729254
S 2.878232956 -2.075773954 -0.462940365
Y -2.477162361 -1.851478219 0.399487644
Na -1.940074801 2.188393116 0.977293313
Na -1.691969752 -0.003012839 2.980314255
V -0.372016311 -0.209251150 -0.493366063
B -0.563436449 0.243532389 -0.602658212
Na -0.497917563 -0.032447241 -0.561901689
C -0.516382337 0.104451634 -0.364614636
Na -3.798675776 5.157500267 1.519393325
Cd -1.269875407 0.408591747 -0.251264095
Ce 4.725437641 -2.831685781 -0.768849730
Y -0.062383391 0.120671585 -0.648403764
As 0.485141456 -0.524024665 -0.027326960
Mo 0.463099122 -0.636095881 -0.377994090
Cs 0.940609574 -0.766913056 -0.094127625
Ce 3.011722088 -2.114802599 -0.380427420
Y 1.287556171 -1.328732371 -0.389494807
