20

C 0.386109620 1.330846190 2.694730043
S -0.175548300 -0.783666551 -1.155946612
Na 1.042425990 1.883728504 -2.478504658
C 0.923768759 -0.950018883 1.526517630
C 0.896025300 2.074617624 0.461280942
S 0.281314492 -0.082369395 1.427102089
S -0.934370637 -0.943034768 1.202081919
C -1.617886543 -0.579634428 1.950492382
S 0.717870235 1.065218568 0.205586970
C 2.131646395 0.261312932 -0.297834039
C -2.199569702 -0.763995588 -0.280391812
C -1.730672598 -2.292208433 -0.769124925
S 0.504483402 1.750234604 -1.316808343
S -1.262600660 -1.463501096 -0.108029827
P 0.476336420 0.878039420 1.883979201
C 1.372886777 -0.691462338 -1.528719187
Na -0.929344654 -2.467742205 0.928970277
C -0.242890462 2.641771793 -1.400482297
C -0.556103230 -1.030056715 -2.152040720
S 0.916119456 0.161919415 -0.792858839
