20

C 0.549115777 3.018120527 0.641065061
C 0.790741503 -2.966923237 1.371951222
C -2.373070717 -0.005012557 0.237617701
S -1.082865715 1.793080926 -0.236673698
S 1.601781726 1.307796001 -0.106118761
C 2.840470314 -0.468755633 -0.784153879
C -1.006057024 -1.186648130 -1.408307552
S -0.334907711 -1.645275116 0.473054022
Na -1.739678383 0.005406571 1.487121105
C -0.926555336 -2.835163355 2.037622213
C -1.824457049 2.626216173 0.146633610
S 0.936525702 -0.852654994 -1.253241301
C -1.571792841 1.952182293 -1.240663886
S -0.177017674 -2.502806187 1.320983648
S -0.410559177 -0.879448175 -0.538280606
Na 2.754748344 1.838822842 0.339159608
S 1.828434110 -0.039201040 -0.742518902
C 1.143498182 -1.517820001 -2.098873138
S -1.366711736 0.313723058 0.248616353
S 0.368358076 2.044359922 0.105007522
