21

C -1.376681209 -3.247205496 0.050730746
S 0.406678110 2.427544594 -2.151458740
C 0.307276785 -1.468278766 1.241560459
C -1.918823242 -1.955645323 2.226373672
S -2.155242443 -2.597059488 0.410351455
C 2.926994324 1.079454184 1.960419178
C -1.399971485 0.634671152 -1.960978508
S 0.469215244 1.476581573 -1.159561872
C 2.362078667 2.014322042 -0.182422429
W 1.506133914 3.749623537 -2.332430363
S 1.541650295 0.236129954 0.879305482
S 0.389516383 -0.569030106 0.675702572
S -0.656414330 0.629917502 -1.199971080
C 2.257600784 -0.676545918 0.893272936
Na 1.846189857 0.958566844 2.107033968
S -1.659008265 -1.272452116 0.249928981
S -0.728936672 -0.346542865 -0.146786928
Na -2.237966061 -1.758961201 1.364588380
C -0.354254872 2.480813742 -2.921102285
C -3.040065289 -3.096100569 0.131610125
S 1.514029622 1.300196528 -0.136165917
