26

C -0.180617496 -0.044038221 1.934866071
S -0.793524325 1.128106236 -0.292661637
C -1.644764900 1.150164247 0.499634504
S 0.624921799 -0.182879925 1.254574418
C 0.174043700 -2.287064552 2.826851845
C 1.980208158 -2.325618505 1.128922701
C 1.079204202 0.891178012 -1.792046905
C -2.293251514 -0.522735596 -2.837785721
C 2.433433533 -0.536381066 -0.238995537
C 2.769299507 0.713708639 0.728088796
C -3.352729797 1.885535121 -2.173878193
S 0.364034295 -2.284618139 1.822511077
C -0.203626260 -2.940817118 1.268462658
C -0.316084504 -0.865911126 -1.341567874
C -1.098935366 2.162801743 -0.691686451
C 0.727637410 1.919824600 1.077038527
C 2.283677578 -0.511975646 1.970110178
S 0.530418754 1.099474430 0.368300200
Na -3.517288685 0.924529433 -2.151036739
P -2.386985779 0.087261848 -1.979513764
C 1.501084924 2.224760771 -0.981117666
S 1.391899228 -1.424916506 1.362315178
S 2.066844225 -0.126183152 0.721850038
S -1.271178484 -0.311822802 -1.061779737
S 0.805830419 1.397142649 -0.907241106
C -1.673551321 -1.219525337 -0.514215350
