22

P -2.674633265 0.923891664 -2.165694714
C -0.234704345 -0.471799582 2.295960665
C 1.942416787 -0.495622724 2.664294720
Na 3.069735289 0.612914741 1.546097398
C -1.562163234 -0.454407275 -0.558958709
C -3.554215908 0.371035099 -2.070800781
S 1.472745061 0.135279655 -0.763556242
C 2.555611372 0.058899704 -0.909898043
C 1.626122594 -2.331776619 0.769525230
S 1.113703728 -0.349157602 0.597892940
Na -1.185663104 0.451904923 0.317469925
S -1.654598951 0.313209951 -1.181464911
Na 0.870733917 -1.732455850 0.488226503
C 0.222243786 1.228813529 1.869925976
C 1.137929678 1.203604460 -0.664231062
C 0.039777819 -2.023155212 0.098090559
Na -1.410684466 0.536624134 -2.223578691
C 0.984156370 -0.367600769 -1.629032254
C -1.845901728 0.138771310 1.081693053
S 1.998102903 -0.008044708 1.702092052
S 0.026088502 0.166277289 1.450489879
Na -2.936803341 2.092793465 -2.714543819
