22

S 1.954202056 -0.392031372 0.791245878
Na -1.216992736 2.512522221 -1.365277767
C -1.155800700 -3.574611187 -1.769748926
C -1.298387885 2.376788378 0.558006108
C -0.328539997 -3.186873913 -0.304272741
S -0.813412249 -2.761425018 -1.122497320
C 0.871862948 2.265776396 1.022765398
C 2.377614975 -1.289792895 1.353272080
S 0.162150696 0.639658630 -0.632459879
C -0.439233243 1.231496334 2.181944370
Na 1.610839605 0.592708409 1.821249723
C -2.051355839 0.944125295 -0.227541253
Na -1.332237959 -0.764652491 1.222030282
S -1.185192347 1.620476723 -0.365698576
S 0.727445185 -0.641239285 0.041889239
Na 1.345085144 -1.554437995 -0.862300932
C -1.713214397 2.470165730 -2.179579735
Na -0.317933530 -1.146929502 0.986860871
Na -1.205363631 -1.674722314 -1.517188907
Na 0.493725747 1.429351807 1.708475232
C 0.833602726 0.860151112 -1.397311211
C 2.681135654 0.043494131 0.056137443
