21

H 1.338640690 0.914927840 2.742798328
H 0.620338976 2.296053648 1.923123479
C 0.799425006 0.521320999 0.692574322
H -1.804020166 -1.869899035 0.840675533
H -0.236363351 -1.324857354 -2.900642872
H -0.110653616 -2.197072029 0.363658816
H 2.307865858 1.827823162 1.555172563
H -1.267810225 1.447821021 -0.715346694
C 1.533311486 0.319785148 -0.434291750
H 1.950336933 -0.623226285 -2.316595554
C -0.916823089 -1.455746531 0.351363301
H -0.914460659 0.155814990 1.914995551
C 1.305687070 1.434746385 1.777349830
C -0.100183897 -0.845943630 -1.933541894
H 2.521684647 0.783939660 -0.483758003
C -1.287817955 -0.816561997 -1.020880818
H -2.172982931 -1.205843210 -1.533359170
C 1.150843859 -0.409691274 -1.616498232
H -2.581021309 0.565593541 0.132026121
C -1.550641298 0.509782493 -0.229575098
C -0.585356534 -0.028767573 0.890752494
