14

H 0.252633125 2.161065578 -0.816199481
C -0.905018091 -0.748867810 -0.214771971
C -1.493644595 0.588537812 -0.769326508
H -0.116083130 -1.526904345 1.670686483
C 2.890399933 -0.591747224 -0.261874825
H -1.127603650 0.003891874 1.896475673
H -0.972702086 -1.700858593 -0.739925086
H 3.908624887 -0.820979536 -0.448683530
C -0.286205739 1.318721056 -0.393941760
H -2.203505754 0.694400012 -1.578574181
C 0.373405248 0.011465498 0.194435835
C -0.537955165 -0.626587629 1.228191853
C 1.737022996 -0.333097667 -0.044267401
O -1.519367576 1.570960879 0.277775049
