14

C 0.364101619 1.106747627 -2.058181763
H 0.220275283 -2.402799845 2.137836456
C 0.115774974 -1.553774714 1.464502215
C -0.371077091 0.380869091 0.424404830
H -1.357165813 2.334006548 0.457572907
C 0.407170862 -0.425843447 -0.445418388
N 0.700179636 -1.582304358 0.207673714
N 0.776932418 -0.115358427 -1.695842743
C -0.536296666 -0.366462827 1.640511870
H 1.228914261 -2.356973410 -0.177389950
C -0.751854897 1.619773865 -0.107351020
H 0.659706295 1.446582556 -3.051983833
N -0.395099401 1.975138307 -1.342323780
H -1.061561465 -0.059601039 2.545989513
