17

H -1.369302511 -0.796055377 0.732164443
C -0.293751866 0.659953654 -2.147313118
H -1.086987853 -0.101351149 -2.140443563
H 1.655209064 -0.374001652 0.535821080
H -1.155141592 0.476797223 2.871915102
H 1.118036032 1.558872223 -0.799778402
C 0.708647490 -0.476401955 0.011241770
O -0.657997072 1.128887534 0.239614189
C 0.691287637 -1.751732230 -0.693722367
H 0.455893785 0.355070561 -2.875797510
H -0.731215060 1.609601378 -2.464546204
N 0.650005996 -2.754993677 -1.274384499
C 0.316610754 0.819084406 -0.773186445
H -0.088450007 -0.935467005 2.867508173
C -0.513356805 -0.130573675 0.921030223
H 0.573126733 0.683911324 2.586798429
C -0.272614479 0.028398646 2.403078556
