17

N -0.481036633 1.384613037 1.710836768
C -0.524521053 0.615454674 -0.763460159
N 0.558221340 -1.248836517 -1.097315550
H -1.112833261 1.410580754 -1.223769307
H -1.488669753 -1.419977188 -0.363330275
H 1.543905020 -2.376821041 0.339018196
H -1.298015952 -0.995740712 -2.077807426
H -1.848132133 2.467874527 2.349909544
O -1.703046441 2.021929979 1.502616525
H 0.342593759 -1.728322029 1.141503215
C 0.956992686 0.199630737 -1.060944319
H 2.143353224 0.472884148 0.990379214
C 0.979908407 -1.442800999 0.331208467
C -0.065408796 0.799023271 0.670300841
C 1.276172638 0.093323082 0.464561731
C -0.879799366 -0.878012776 -1.083843112
H 1.600316048 0.625196040 -1.829864383
