20

C 0.576003373 1.662903070 -1.066950798
H 2.308640242 -1.610965014 0.907792032
C 0.675488591 -0.442551911 0.176494300
H 0.724027812 -2.258456945 1.328158736
H -0.717337370 0.663989365 1.344573259
H -1.557079077 1.968578815 -0.535900414
C 1.435169697 0.462401807 -0.709034801
C -0.857486010 1.153336167 -0.773169577
H -1.750033975 -1.598240376 1.251618624
C -1.848671198 -0.912962556 0.404087543
C 1.304309845 -1.335365534 1.205558300
H 0.705570698 1.989761829 -2.102785349
H 1.350581646 -0.842607856 2.181150913
H -1.832240939 -1.504071951 -0.506035507
O 0.927695692 -0.790759504 -1.201687455
H 0.839344084 2.494144917 -0.409132987
H -2.825326681 -0.431951225 0.468947768
C -0.722288549 0.136491373 0.375985801
H -1.249659896 0.649063289 -1.663400531
H 2.513292789 0.547262728 -0.676269352
