17

C 0.070336007 0.438027889 -0.186318085
H 2.137100935 -0.196539417 -0.311765134
C -0.127990350 -2.054209948 1.039365053
C 1.297899246 -0.254884481 0.382587969
H -0.064906240 -3.039218664 1.515597939
H -0.252977222 -1.177793860 -1.708162189
H 0.277472824 2.316832542 0.873282075
C -0.661103785 -0.254870445 -1.315598607
H -2.112986326 0.344678670 0.266644746
C 0.143524349 1.954658628 -0.151219547
H 1.595697522 0.248598441 1.307391524
H -0.771775842 2.390485764 -0.553387463
H -1.143419027 0.374437124 -2.057004929
O 1.116844058 -1.641719937 0.701155424
C -1.236090422 -0.274929851 0.092744425
N -1.246702194 -1.490606546 0.848412812
H 0.979076147 2.317054272 -0.743725777
