16

H 0.355677158 -1.459172130 -1.649046540
C -0.858829916 0.267504036 0.645914495
O 1.442437291 2.159595490 -1.584447384
O -0.589088142 0.727493942 1.955602765
H -1.750105619 -1.626007199 -0.094547100
H -1.306880951 0.449143738 2.524677515
C -0.821950853 -1.260700107 0.348585844
C 0.279178679 0.514937520 -0.323641419
H -0.558031857 -1.893737197 1.187985182
H 2.318131924 -0.190239474 -0.621888876
H -0.553054750 1.935616970 -1.749930859
H -1.784397721 0.726889491 0.265564293
C 0.290156335 -1.018020749 -0.667726338
C 0.409558535 1.621900082 -1.279586792
H 1.669457197 -0.575316846 1.042861462
C 1.457742572 -0.379887700 -0.000375884
