15

C -1.058585644 -0.171370402 -1.005362034
C -0.436780840 -0.358106613 0.464186013
H 0.837559223 0.063015170 -2.244891405
C 0.319402456 0.488520980 -1.368443131
H -2.490583181 0.495284468 0.592592120
H -0.724439263 -1.095465660 2.613839626
C -1.533300996 0.465938330 0.132480249
H -0.205594450 2.225886106 -0.750408351
N 0.833220243 -0.037742827 -0.090944208
C 1.770940542 -0.560698628 0.697516501
H -1.630800486 -0.847817242 -1.626155615
C -0.065941013 -0.890249252 1.795771956
N 1.256013393 -1.042972445 1.853612661
O 0.309823781 1.867726207 -1.493492723
H 2.819066048 -0.601948380 0.429698795
