15

C -0.075031921 -1.191706896 0.292644113
H -1.620482922 -2.488390446 0.167325914
C 1.208946466 -0.931677699 0.819369018
H 1.789394975 -1.703478098 1.304907799
C 1.678293705 0.362888962 0.675502658
N -0.783115447 -0.240096271 -0.314275146
H -0.253500611 -3.113658667 0.999884605
N 0.979510486 1.325709820 0.066980176
C -1.021038651 2.017284870 -1.117728949
H -0.473356187 2.963914871 -1.135251045
H 2.658745527 0.629345715 1.056533456
H -1.244357347 1.695911527 -2.142501116
C -0.218847141 0.967267454 -0.404399127
H -1.991912603 2.155845404 -0.621690691
N -0.633247912 -2.449160099 0.352698088
