18

H -2.929374933 0.966003001 -1.705532789
C 0.938360274 -0.431482852 -0.912153780
C 0.725899100 -0.639331818 1.695784211
H 2.731092691 0.188215271 1.422514200
H 1.562376142 1.338190317 2.048216105
H -1.967497706 0.091382101 0.469816029
C 0.223429725 -0.384997487 0.308018029
H -2.527314186 -0.371764302 -2.818396330
N 0.180497482 -0.104343325 -1.957360268
C -2.131614208 0.509904623 -2.302954197
H -0.094443180 -0.525381386 2.409642696
C -1.050287962 -0.027887793 -0.094721183
H 1.972103596 -0.702532530 -1.062187791
H 1.066275954 -1.675078869 1.783012867
H 2.227715969 0.084272809 3.103646517
H -1.778415322 1.230993629 -3.049024820
N -1.027227640 0.156484589 -1.431566954
C 1.878425002 0.297353953 2.093247890
