18

C 0.192680269 0.353581011 -0.421348035
H 0.859781384 -0.144990668 -2.455310345
C -0.369707614 -1.493681431 -1.169711113
H 0.873727620 0.932244301 2.702172279
H 1.332326412 2.156802177 0.284851223
N 0.409718603 -1.079094648 0.053872462
C -0.286653578 -0.585254133 1.267573833
O -0.793919504 1.515198231 1.468002200
C 1.236995220 1.076769948 0.420706838
C 0.442566395 0.766035795 1.708686113
H -1.429979444 -1.673393369 -0.982876003
C -0.055016365 -0.122193359 -1.852898955
H 2.216119289 0.579176247 0.368039042
H -2.103654861 0.495784998 0.126331300
H -0.854440987 0.371214837 -2.417782545
C -1.076001167 0.494321674 0.508551598
H -0.648084164 -1.274218678 2.030482292
H 0.053543121 -2.368302345 -1.639342666
