14

C -0.597514868 -0.370346636 -1.066004157
C 1.063177347 -0.587011039 2.140813112
C -0.908355474 0.718028903 -2.009812832
H 1.391162157 -1.177545428 2.974141598
C 0.585533381 1.018643379 0.811690032
H -0.593477488 1.726755619 -1.779459834
N 1.170978665 0.717580855 2.024311543
N 0.436119705 -1.141875148 1.060716629
H 0.540856302 2.041214705 0.452661216
H -0.505127013 -1.382568121 -1.465355515
H 0.226576850 -2.111073971 0.902225435
H -1.007872462 0.488922685 -3.066571236
C 0.112667501 -0.112905897 0.194062650
O -1.914724350 0.172180176 -1.173418760
