18

C 1.060893893 1.173076630 -2.302002192
H 0.760826349 2.953306675 -1.113989472
H -0.969782293 -0.589197278 3.472459316
C 0.783100605 -0.318613350 -2.101323366
H -0.853926778 -2.157132387 2.651887417
C 0.225347281 0.966636002 -0.177504733
C -1.198783398 -1.117647886 2.547558546
C -0.550895691 -0.457998306 1.376085520
H 0.051669557 -0.668185592 -2.830845833
N -0.150162831 -1.183800697 0.257916749
H -0.493887842 1.679462910 1.832256913
H -0.233012170 -2.179517984 0.182015404
H 1.672826648 -0.947538018 -2.256343603
C -0.293468982 0.876933157 1.136008739
C 0.293631643 -0.329865545 -0.687545061
H 1.476255655 1.568741202 -3.215728521
C 0.703169823 1.878769517 -1.209730387
H -2.283801317 -1.147428989 2.438824892
