18

C 0.011628505 1.161207557 0.484377861
C -1.162136197 -1.082065105 -1.463326335
H -0.406071365 1.790668607 -0.317932427
C -1.326789618 -1.726016402 -0.205043480
O -2.201993942 -2.472336531 0.181149855
H 1.662204862 1.226310492 1.892830133
H -1.863280416 -1.144345522 -2.285247803
H 2.003792048 2.030870199 0.350542605
C -0.077564090 -1.305239558 0.636575997
N 0.441538125 -0.139664590 -0.055810474
H 0.138726041 0.574470997 -2.014582872
H 0.946790695 2.806946278 1.547000885
H 0.944869637 -0.988998115 -1.920126557
H -0.786520958 1.045810103 1.229266524
H -0.347231001 -1.109486103 1.680048943
H 0.642800629 -2.139733553 0.631278992
C 1.231092095 1.851751328 1.103633046
C 0.148145378 -0.380149633 -1.474635124
