15

C 1.071483254 1.296343565 -1.201753736
H 1.055680990 1.444919705 -2.279417276
C -0.880167902 0.611065984 -0.264668882
C 1.151798487 -0.181508422 -0.841350436
C -0.820393503 -0.930598974 1.830804944
H 1.914588332 -0.767364085 -1.325162530
C -0.333042055 -0.659341097 -0.819748044
H -1.784461141 -1.743724346 3.699435234
C -0.207076684 -0.404165238 0.679685652
O 1.220980644 -0.259180754 0.608673751
C -1.337665439 -1.360809684 2.831728935
H -1.945978403 0.759568810 -0.160405874
O -0.165324077 1.749734640 -0.610877931
H -0.840194702 -1.423071742 -1.385446668
H 1.899772286 1.868131876 -0.761497021
