20

H 1.933060765 2.051499367 0.229311302
C 0.325890154 0.846862137 0.016655255
N 1.520382762 1.423055172 -0.447798550
H -0.096407510 -1.293616295 -2.382688999
H -2.314968348 -1.126601219 0.044502094
H -0.570608199 2.319812298 2.864931345
H 1.411828518 -1.182067394 -1.506933212
C -0.553175390 1.391666651 0.919534326
H -0.868611991 -3.128293037 -0.822332144
C -0.263061583 -0.394065559 -0.459696442
H 0.660313725 -3.007095337 0.053722452
H 0.436964542 3.123048067 1.657220602
C 0.183709949 -2.858048439 -0.915194511
H 0.645220280 -3.545773506 -1.630860567
C -0.502148509 2.582607746 1.801242948
H 2.217020273 0.733025968 -0.705058515
O -1.693734050 0.622917175 0.953098655
C -1.498600483 -0.442414761 0.128526390
C 0.343446374 -1.397477627 -1.383858800
H -1.316521049 3.280960321 1.585676432
