22

H -2.253667355 0.366884023 0.278403282
H -2.216310740 -2.314927578 0.179565638
H -0.452785313 2.358339071 0.352733493
H 1.433255196 -1.413540602 0.794169128
H -0.588006198 -0.083827153 -2.090992451
C 0.870863140 -0.906578600 -0.000800968
H -1.028677344 -2.002175808 1.497970700
H 1.655506015 2.209729910 1.731668591
H -0.012780511 0.277648896 1.647478223
C -1.086670518 -0.755321026 -1.395250797
C -0.023075100 0.266789198 0.537980914
H 1.895448685 3.200633287 0.286598593
H 2.521409988 1.546067715 0.336553842
C -1.320641518 -1.757525325 0.457780451
H 1.611434102 -0.558757007 -0.746881366
C 0.359200269 1.671749473 0.063452296
H 0.394086689 1.692636371 -1.030477762
C -0.209847108 -1.798261762 -0.624112546
H -1.954553843 -1.205543637 -1.873672485
C 1.679048538 2.187748909 0.636300385
H 0.116417080 -2.720566034 -1.086810946
C -1.389654040 -0.261202544 0.048343986
