19

H 0.888986647 -2.432931900 -0.468136162
C 0.694078565 -0.363236189 -1.280694008
H 0.735223889 -0.835682571 1.770575047
H 1.103848577 1.813393831 -1.113150239
O 1.553865790 0.665239811 0.579684734
C 1.538030028 0.844832182 -0.869267344
C 1.372885227 -1.465543270 -0.390758276
C 0.788156450 -0.558102548 0.725204468
H 2.456194639 -1.567861557 -0.447960824
C -2.214485884 0.686215222 1.170758367
H 2.560388565 0.812915027 -1.258479595
H -1.942707658 1.035425663 -0.888197362
C -1.337878227 0.874862611 0.021756118
C -0.434276849 -0.340967923 -0.196791202
H 0.491815478 -0.493474633 -2.339998484
H -0.736181021 1.769491076 0.164322242
C -2.929095030 0.485497236 2.115620852
H -1.035101652 -1.243528605 -0.247828782
H -3.553747177 0.313456267 2.953340530
