18

H -0.483439296 -2.566106558 -2.145665884
C 1.025890112 0.704780161 -0.024099208
C -0.218170196 -1.528607726 -0.241154447
H 2.001330614 0.368110150 -0.342094600
C -0.894665420 -0.626623988 -1.309630275
H -0.758120477 -0.031291660 2.445602655
H -1.931997776 0.524236560 1.228783846
C 0.927436769 1.872935057 0.947019160
C -0.866281807 0.483347297 1.484555006
H 0.965082645 -1.465890288 -2.195221424
C -0.033735517 -0.168353289 0.408465236
H -1.899915218 -0.479541600 -1.686627388
H 1.721108556 1.774980307 1.694232345
H -0.103233479 -2.407398939 0.410456359
N -0.122474618 0.597671866 -0.953623652
C 0.020522928 -1.702412605 -1.716745496
H 1.014993668 2.840975285 0.449291319
O -0.364331037 1.809189916 1.546456814
