18

H 1.794531345 0.181603268 -2.221660614
C -2.039112568 -0.434769422 -0.167045072
O -2.886252642 -1.091141701 -0.718758047
H 3.178328753 -0.482344031 0.170006961
C -2.364117146 0.436617225 1.019866943
H 0.726874709 -0.451971978 1.629418135
C 0.898889720 -0.044584155 -1.690580010
H 3.009637833 0.021950824 1.850045919
C -0.413582116 -0.339373857 -2.026128054
H -1.500361800 0.593086123 1.663814902
N -0.772482097 -0.335288852 -0.706410348
H -3.175340891 -0.008526066 1.578236103
N 1.218483686 -0.142222553 0.826994836
H 2.809899569 1.192997336 0.547920108
H -1.020311594 -0.511163235 -2.855603218
C 2.628477335 0.168078810 0.846281350
C 0.585886002 -0.142835706 -0.368235618
H -2.679448843 1.389887691 0.621835351
