17

H -1.486847639 -2.299239635 -0.178471118
C 0.079179563 -0.905706227 0.044310279
C 0.116907857 0.780633628 2.081517220
O 0.956870496 0.640114188 -3.227404833
C -0.846860588 -1.212073207 -1.878654957
H 0.511136651 2.697005987 2.886232138
H 0.810639799 1.359001160 4.001155853
N -1.263516545 -1.360654712 -0.443788677
H -0.858750165 1.837798119 3.627462864
H 0.739898503 -1.768573046 0.275506824
N 1.174850106 0.404407322 -1.855126262
H -1.552894235 -0.677657306 -2.502671003
C 0.144907624 1.717080951 3.197713137
H 1.594604969 1.328203201 -3.416078568
H -0.570689261 -2.146345615 -2.370521784
C 0.347724766 -0.421765327 -1.389786482
C 0.102838196 0.027770910 1.148604870
