19

N -0.690687716 2.803653479 -0.106846824
H 2.459711075 -3.056499720 1.717126489
C 1.539563417 -1.159044981 1.151159883
O 0.392253220 0.813598812 0.453085542
H -0.547113061 -1.047306776 0.594467700
H 1.375671983 -0.820706666 2.183551788
H -2.052062273 4.137487888 -1.117036104
C -1.706509590 3.111376047 -1.006608486
H -1.476711750 -0.019850265 -1.376623273
H 0.582662046 -0.870743155 -0.762047887
C 1.636514306 -2.683774233 1.090245605
H 1.813286185 -3.040154219 0.071802370
H 2.476855516 -0.704746783 0.814530075
C -0.528714776 1.506240010 -0.220045403
N -1.378691554 0.949301124 -1.135616302
C 0.414463073 -0.617171764 0.286765963
H 0.707710922 -3.160103798 1.449838519
C -2.138105631 2.013276815 -1.657489419
H -2.880095005 1.845168591 -2.430259705
