21

H -1.487577796 -1.021979928 -0.432657719
O -0.793898880 -0.159827664 2.087621689
H -0.393127829 1.507874370 0.946325660
C 0.088475510 -1.263326764 1.949170470
C 1.640394092 -0.477355063 0.085629992
H -2.076735735 0.971509159 1.036576152
C 0.575733900 -0.239379942 -0.928749561
C -1.042832732 0.617408872 0.922603071
H 2.305026531 -1.286304832 1.886764526
H 2.652900219 -0.240163952 -0.226776972
H 0.262962401 -1.602784276 2.981011868
H -1.758229256 1.792158961 -1.379645586
H 0.739782035 1.968424678 -1.094353318
C -1.140333772 0.907710254 -1.586167574
H -0.429758370 -2.076964617 1.435422778
C -0.891901314 -0.097502805 -0.423767745
H -1.533064485 0.403937638 -2.482491255
C 0.397745579 1.118502975 -1.696711659
H 0.604700625 -1.035599113 -1.692397833
H 0.841217875 1.202755451 -2.686533928
C 1.438521147 -0.989093304 1.299127698
