15

H 0.382985413 1.731316328 0.806945145
C -2.469820499 0.424023181 -0.010918106
H -1.551209569 -0.919913590 -1.495286107
H -1.749397278 -1.643928289 0.111636922
N -1.702390671 1.465329409 0.540450692
H 0.882139385 -1.804515839 -0.606272101
C -0.462384105 1.128937721 0.491448998
C 0.952478468 -0.787027359 -0.235488161
N -0.214607567 -0.153332114 -0.024319442
C 2.243361235 -0.262913764 0.036171079
H 3.382901430 1.152616858 0.656271279
H 3.041302443 -0.976452947 -0.155784234
N 2.426973581 0.953050911 0.462831348
O -3.659260035 0.408313006 -0.159482211
C -1.503072023 -0.715503156 -0.418205172
