14

C 0.782122672 0.170704380 -0.576565027
C -1.724248528 -0.500810802 -0.320265472
O -0.306869358 1.677587390 0.602295876
H -1.217721701 -0.550787449 1.863726020
N 1.930617571 -0.069749922 -2.856249571
H 1.806392431 1.548584223 1.034888983
C -0.721058428 0.537579536 -0.164342403
H -2.751956701 -0.208125919 -0.077634990
H -1.633784294 -1.179316521 -1.155639768
C -0.766280353 -0.624633491 0.878246129
H 1.485081077 -1.242617130 1.177804470
C 0.752368748 -0.571747422 0.753534973
C 0.960708797 0.983230293 0.659271419
C 1.404627919 0.030102950 -1.819070220
