20

H 0.858700454 -1.931215644 1.546572089
H -0.132176682 0.341202408 -1.689444304
C 0.184416205 -2.072624683 0.661993086
O 0.359400302 -2.983756781 -0.110469662
C -0.932274044 -1.038546681 0.582235098
C -0.323323488 0.384715080 0.464631200
H 1.359459162 -0.085952394 -0.832678795
H -2.289665699 -2.137946367 1.886599183
H -1.504921913 -1.264220953 -0.314720273
H 1.214743018 2.005640030 -2.915296316
C -1.828460217 -1.148921371 1.831195474
H 2.648454428 1.618531823 -1.929101706
C 1.728360891 2.213435173 -1.965915322
H -1.131122589 1.113455892 0.498160541
H -2.627674818 -0.409045666 1.799834490
C 0.481751978 0.589641869 -0.808964252
H 1.981507540 3.273768663 -1.928196788
H 0.312302083 0.580295205 1.337282538
H -1.249224782 -0.983259201 2.748735189
O 0.889748633 1.934804201 -0.862451315
