18

H 0.418263197 2.586712599 1.488375902
H 1.496379733 1.456264973 -0.587690830
C -0.008587644 -0.205889881 -0.285993457
H 0.272855908 -2.355252266 -0.503878772
H 1.634010553 -1.395642996 -1.088576317
C -1.030434608 -0.214802384 0.888309777
H 0.003348185 0.100815952 -2.454163790
H 1.014429450 1.078567624 2.207412720
C 0.384410888 1.494355559 1.388085842
C -0.717478275 -0.035916232 -1.647648215
H -2.066621542 -0.411577374 0.553621292
H 1.388593793 -1.602372766 0.657641768
H -0.761100769 -1.000202298 1.619647861
C 0.777442932 1.002368331 0.069240227
H -1.322826266 -0.925850451 -1.885074615
O -0.977897286 1.063959360 1.514561176
C 0.880064905 -1.465834260 -0.306328982
H -1.384853244 0.830295920 -1.627541542
