16

C -0.849256873 -0.421889663 -0.810321152
H -0.359063715 1.246570230 -2.081980467
O 2.379094601 2.991861105 0.141465262
H -1.847288370 -2.123677492 1.759421945
H 1.788603783 0.905746698 1.598817229
C -1.296260715 -2.297430277 0.826296329
C -0.557558537 -1.055239558 0.400251478
C 1.031989574 0.538544357 0.902178109
H -1.609956264 -0.814417839 -1.483481169
H -0.581111908 -3.106754303 1.040939927
H 1.303095460 2.912195921 -1.579828501
C -0.153429076 0.735003352 -1.147249699
N 0.374670327 -0.581368625 1.240199327
C 1.561491609 2.475263357 -0.593454480
C 0.808928132 1.238563538 -0.282510102
H -1.993947983 -2.642970800 0.069256470
