17

H -1.525396228 -0.831255972 -1.873831272
C 1.478041887 0.725633264 -0.958539546
H 2.270526648 2.365046740 -2.299226761
C 0.885657072 0.214160025 1.416579247
H 1.279829860 -0.476462930 2.169144869
H -2.518039703 0.144612715 -0.782623410
N -0.612542093 0.294286460 1.386151195
C 1.901706576 1.594190121 -1.675975919
H -1.162658811 0.892069221 -1.657405615
C -0.595807850 -0.345590025 0.003324245
H 1.454518199 -1.242342234 -0.234677076
H 1.327878356 1.187247157 1.563737988
H -2.124748707 -1.222194552 1.316452026
C -1.500901341 -0.018950343 -1.135545254
C -1.058281898 -1.094659328 1.194952369
C 0.952639043 -0.289553195 -0.060523733
H -0.452420950 -1.896237016 1.628007293
