13

H 1.620148063 -0.171253100 1.665730834
C -0.032754187 -0.107655741 -0.671183169
N 1.780704856 1.645308018 -1.249063611
C -0.337224782 -0.366352171 0.810526073
C 0.609859228 0.223338664 1.826553822
H 0.261910796 -0.031670898 2.831377983
C -1.084812403 -0.416668564 -1.660041809
H -1.093650818 0.126902938 -2.599777460
O -1.312276483 -1.017793894 1.084938407
H -2.051334143 -0.742512703 -1.264863372
O -0.015576673 -1.306759834 -1.468095422
H 0.673289716 1.306064010 1.705516458
C 0.981716752 0.859053016 -1.011618853
