22

H 1.041985393 -1.191072822 -0.209460407
C 0.217434242 -0.685982287 1.724023938
H 2.171555758 -0.404486656 0.850954235
C -0.857835948 -0.006371439 -1.941517949
H -1.764559746 -0.213167161 -1.375331640
H -1.599088430 0.448615581 1.055881977
C 1.120085001 -0.381650805 0.521381676
H -1.148991704 0.236481115 -2.974831343
C 1.427531838 1.232011914 -1.524646640
C -1.180732369 -0.151219621 1.851769447
C -0.956988990 -1.615359545 1.591232300
C -0.068340644 1.139703631 -1.333152771
H 0.894106627 1.805177093 0.532061577
H -0.587843835 2.095460176 -1.361916304
H -1.152406812 -2.329421043 2.390014648
H 1.916062117 0.410084546 -2.037066460
H 0.771180987 -0.766144633 2.663983822
H -1.517271996 0.152258694 2.848656654
H 1.872684240 2.206275463 -1.732446313
H -0.273462564 -0.939341187 -1.986341596
H -1.189052343 -1.993579507 0.601765931
C 0.863949716 0.951728165 -0.155015692
