18

C 1.199876070 -0.559166610 -0.373887211
H 0.155683056 -2.472290993 -0.145676062
H 2.708023548 -1.887948751 -1.075021982
C -2.296696901 -1.062969685 0.578787029
H 2.909850836 -0.235611692 -1.625980616
H -2.272641659 1.843028903 0.854883790
H -0.741804302 2.642528057 1.215222597
H -1.370655537 2.652611017 -0.426512808
H 1.320930839 1.551740050 -0.303387642
N 0.753356516 0.730095088 -0.175959364
C -1.270392895 2.033917427 0.473624259
C -0.970852196 -0.573529363 0.241512448
C 2.609684944 -0.846506536 -0.779036522
H -3.049057484 -0.280571491 0.823998451
C -0.551344275 0.750374079 0.197068885
C 0.156003103 -1.390178561 -0.114182949
O -2.621750355 -2.233882427 0.602110028
H 3.331786871 -0.661638081 0.032437708
