19

C 1.675776958 -0.116397180 1.622101784
C -2.237109184 -0.436622262 -0.667509258
C -0.048092630 0.401410520 -0.351894945
H -1.210873842 0.865490139 -2.143881321
C 1.874588370 0.503631294 0.257131428
C -1.320827723 0.759327352 -1.061459184
H 2.865044594 0.924551904 0.088666752
H -2.223447561 -1.211390018 -1.442606449
C 0.408778548 -0.564221501 1.860079765
H 0.117755011 -1.009995461 2.818267822
H -1.722547770 1.704255581 -0.661380351
H 2.472243309 -0.115492307 2.351426840
H 1.519115329 0.098147273 -1.886924028
C -0.495102912 -0.448969990 0.794413388
H 1.253223777 -1.395025373 -0.911022663
O 0.817514837 1.504989386 0.132493392
C 1.209566832 -0.297735870 -0.909321249
O -1.689396858 -1.005258679 0.571709931
H -3.266209602 -0.160694793 -0.460291743
