18

H -2.901756763 0.023401966 3.170665503
O -1.942451000 0.049629465 3.081813574
H 0.095858201 -1.766942739 -3.000821114
H 1.570805430 0.188373044 1.751473188
C -0.047293488 0.372491121 -1.241711020
H 1.732505918 -1.198146343 -2.671997786
C 0.667158842 0.436892718 2.299419880
N -1.753086567 0.067895971 1.686640024
H -0.245437816 -0.244883120 3.855768919
O 0.627803802 -0.370850325 3.453196764
H 0.723073363 1.504840612 2.550305128
C -0.527334571 0.249719188 1.345252037
H 0.994415879 -0.888886511 -4.255300045
C 0.798805773 -0.953817725 -3.181814671
C -0.291745126 0.310798913 -0.062204845
C 0.237835646 0.386521637 -2.667328358
H 0.941330791 1.198961377 -2.898097038
H -0.680488229 0.634000599 -3.215260983
