14

O -3.090195179 -0.971817493 -0.931697011
C 2.307168245 0.051130414 0.468516678
H 2.165724754 0.535592854 -0.497333437
O 1.122935057 -0.390953094 0.991125762
N -0.961856127 -0.985772610 0.022229690
H 4.164649010 0.225630105 0.597026944
H -0.878552616 -1.964390516 0.180113807
N -1.809319019 0.980748594 -0.568398237
C -0.547474265 1.169112444 -0.021332426
C -2.004380465 -0.308247715 -0.513847768
C -0.017262634 -0.030026061 0.354455948
H -0.114123262 2.137280941 0.083188079
N 3.367515326 -0.146506205 1.101391196
H -3.704828739 -0.301781595 -1.265439272
