14

H 1.733648419 0.550056696 -0.902430892
O -2.069134474 0.229828253 1.424227357
N 0.982479453 -2.341328859 -1.012437820
H 1.464393258 -2.189727545 -1.876564980
C 0.869792759 0.072811887 -0.488531560
N -0.087493196 0.807344556 0.277136534
H 0.673253655 2.487270117 1.198961496
N -0.789596438 -1.312162280 0.241205931
H -1.982362628 1.156893730 1.637854934
C -0.034411423 2.126914978 0.522203982
C 0.396050811 -1.201134562 -0.474115223
C -1.034003496 -0.110955670 0.676671982
H 0.325243473 -3.107005119 -1.076825738
H -0.447860271 2.831193686 -0.147355869
