18

C -0.504520655 -0.350546837 -1.586188316
H 1.635810733 0.277340472 1.913672805
C -0.490337759 -0.243433952 1.899924159
H -0.386774898 -1.129794121 2.536733627
H -0.819999516 0.579959035 2.535906553
O -1.845818162 -0.735176504 -1.527530789
H -0.152683958 -0.379278809 -2.630456924
H 2.254933119 -0.990313172 -0.170332596
H -1.839128733 -1.605128527 -1.122493148
H -1.281572342 -0.441947013 1.177445054
H -1.186873317 1.363667130 -0.421784490
C -0.294394553 1.056860685 -0.978043616
H 1.729629993 1.633338809 -0.159204125
O 0.272657692 -1.263092875 -0.799405456
C 0.822422802 0.093479283 1.221800089
C 0.941143990 0.900553286 -0.067359887
H -0.113054194 1.804075837 -1.757711172
C 1.258559942 -0.570562840 -0.064971961
