16

N 1.759260774 -2.325766325 -0.417727649
H -0.774606884 -0.540717781 -1.831683278
N 1.388486505 1.757265210 -2.071125746
H -0.134313956 1.388924122 1.218916655
H -2.267609835 0.489025235 -1.905352712
C -0.178415313 0.376733631 0.795578778
N -1.356493115 0.361918062 -0.046037842
H 0.493869126 -0.847904861 2.330457687
C 1.193098783 0.197927356 0.028892310
H -2.200040340 0.591896653 0.464942396
H -0.890261769 -1.378141999 1.594271541
H 1.985445857 0.537539601 0.721289158
C -1.463536263 0.101899989 -1.329931021
N -0.347804904 -0.554931581 1.866989732
C 1.304219961 1.058607578 -1.155523419
C 1.488701463 -1.214274645 -0.263956279
