17

C -0.142657846 1.704728484 -0.557296634
H 0.095048174 -2.494302511 1.858313084
H -0.527644098 2.039800644 0.412978739
H -0.549777806 2.375654697 -1.326031446
C -0.941574812 -1.853428841 -0.035169568
H -1.930479527 0.047233190 0.686770260
H 1.217949510 -2.063460350 0.545021117
C 0.223715439 -1.865087867 0.971976519
O 0.035728000 -0.468041092 1.245281219
H 1.749042034 1.444625974 -1.573797345
H -0.683442235 -2.094304800 -1.068263769
H -1.826747417 -2.414270163 0.269169360
C -0.987072647 -0.342182308 0.246087104
O -0.638285339 0.398632139 -0.860351443
C 1.383816361 1.743225574 -0.589660764
H 1.788602948 1.075599909 0.159562945
H 1.733779311 2.765578032 -0.384589672
