19

H -1.539990067 -2.012092113 1.750621080
C 0.986539006 0.467313230 -0.693302095
H 3.098011732 -0.185038045 -0.690919816
C -0.680133104 -0.647271931 -1.116376042
H 2.619488478 0.875420749 -2.105265141
N 1.841966033 1.493305206 -0.118603043
C 0.173496678 -0.588838279 0.148249388
H 1.652984262 2.386155844 -0.575421631
C -1.554932475 -0.965479493 2.008980751
H -0.398599565 0.905381501 1.636487365
H -1.693017125 -0.759087384 3.072678089
H 0.745148897 -1.460842252 0.488849014
C -0.206674635 0.539738894 -1.585501909
N -2.207315445 -0.040209390 1.090213299
H -2.550602436 -0.465860695 0.259287745
C -0.749085724 -0.018544719 1.205553412
H -1.369469047 -1.389216185 -1.462221861
C 2.400244951 0.533551097 -1.108221173
H -0.568059385 1.331614256 -2.205087662
