14

H 1.309442043 -1.186227322 0.935133219
H 0.258838415 2.239627361 0.049947862
H 1.729869008 1.485826373 0.692857206
H -0.086787492 -1.525408983 1.963746309
C 0.239575818 -1.012380362 1.067441702
C -0.979176521 -0.906368911 -1.021888256
O -0.452195495 -1.664433599 -0.013727956
H -0.418141335 0.590884745 -2.488581657
H -1.025541544 0.726652324 1.462788105
C -0.141635165 0.136492565 -1.562868595
C -0.080315724 0.417635590 1.097172856
O -2.077260733 -1.168209434 -1.458083868
O 0.974651933 0.582211316 -0.993309855
C 0.748676598 1.283698320 0.269372821
