19

C 0.204784155 -0.645119011 -2.409081459
H -0.180065379 1.349142671 2.434645414
H -1.742402315 0.960554242 1.709645510
C 0.885554194 -2.136321783 0.847107828
N 0.572997630 -0.953313231 1.297239184
H 1.189394832 -2.982384682 1.450603008
C -0.840138316 1.584291816 1.597347260
C -0.135439783 1.242643952 0.284705728
C 0.400005072 -0.955659866 -0.969808400
H 1.146666765 -0.666501939 -2.972464561
C 0.267218798 -0.195926934 0.174073532
H -0.491645157 -1.339793086 -2.898426771
N 0.785598516 -2.207359791 -0.514077425
H -1.605965018 3.199971199 2.367029428
H -0.791803718 1.524802089 -0.546575844
H 0.984492540 -3.007986546 -1.079563975
H -0.217531547 0.356851220 -2.518903494
O -1.170880318 2.973096848 1.544388533
H 0.739159226 1.899012446 0.202116311
