18

C 0.185023174 -1.077901125 -3.662073374
C -0.232407793 -0.028377363 2.399388313
H -0.311479688 -1.113365531 2.455894470
C 0.109787904 -0.375858068 -2.691030264
H 1.396767259 1.496939063 2.389394283
H 0.635994792 -1.065205574 -0.118457012
C -0.162763461 -0.324464411 -0.189935803
C 1.075640798 0.559431970 1.955894589
H 1.885442138 -0.123851404 1.719206810
C -0.111389495 0.579291403 1.023817420
H -0.814301372 1.178922653 -1.607559919
H 0.936715901 1.087371469 -1.409826994
H -0.825401902 0.493008226 3.152255535
C 0.029235100 0.476479799 -1.502028346
H 0.261535615 -1.702539086 -4.529497623
H -2.094393969 -0.511901081 -0.023005936
H -0.596034169 1.550891161 0.885664165
O -1.367970824 -1.098872066 -0.248100609
