16

H -1.972541690 -0.548629284 -0.143923864
C -1.023284316 -0.914073050 -0.535867751
H 1.101985455 -0.586839020 -0.172160208
H 2.728080273 2.843809843 2.239526033
C 0.082798913 1.301210284 0.142849952
H -0.986793518 -0.631659567 -1.591398358
H -0.857177377 -4.608630657 -0.200572819
N 0.177529633 2.090791464 -2.367961407
C 0.142554596 -0.238990113 0.216083542
H 0.115780666 -0.515322328 1.280464411
C 1.135064721 1.927978873 0.955840230
C -0.972426772 -2.359915018 -0.421822637
C 0.148094922 1.762519360 -1.261974692
H -0.894943535 1.632668138 0.522815645
C 1.983420968 2.402491570 1.643148661
C -0.908143044 -3.557410240 -0.305047005
