14

H 0.911557496 -2.486299276 -1.453458428
H 0.803766012 1.929626226 1.510737896
H 2.260081768 -1.621532083 -1.076628208
H -2.678005695 2.062876701 0.638048828
H -1.300194025 -1.488747239 -1.272529602
C 0.305267900 1.192079544 0.897357821
N 1.344095469 -1.892923236 -0.762087643
O -1.808468223 2.234603405 1.021794677
N -1.579789758 0.280882150 -0.219739586
C -1.012302876 1.218688130 0.551308692
C -0.822287679 -0.732463598 -0.664407909
N 1.058443189 0.124682993 0.434432387
H 2.001204491 0.015697878 0.757070124
C 0.516631782 -0.837171137 -0.361899465
