18

H -2.039606810 -0.141279101 -0.479954392
H -1.293379307 1.889426589 0.547626257
C -0.308602393 -0.682457983 1.511321187
C 1.156477213 -0.308266312 -1.649304867
C 0.214098677 -0.319621533 -0.591688097
H 0.354986668 -1.111225367 2.269355774
C 1.961462617 -0.263183326 -2.545986652
H -1.382946730 -1.311842799 -1.724763513
C 0.359681368 0.492082357 0.723430216
H -0.138404652 2.284194946 1.826433063
C -0.383910149 -1.489554048 0.216616154
H 1.425521612 0.533877134 0.979167163
H 0.282443553 2.576051950 0.133560315
H -1.272153378 -0.469922513 1.983684421
C -0.239504322 1.885579348 0.808932781
C -1.215194821 -0.777975798 -0.797741532
H -0.142393917 -2.551446199 0.119163640
H 2.661425114 -0.234437600 -3.329851389
