19

C -1.538074970 -0.769548714 -0.982701719
H -2.105569124 -1.611500382 -0.590040743
C -0.365963876 0.364089638 0.950888932
C 0.966111243 0.779319823 1.609819531
H 0.287935138 -1.836393118 1.234225273
C -0.313000947 1.168310761 -0.350680113
C 1.544406772 -0.054925904 0.386037350
H 0.359200627 -1.851271510 -1.576767683
C 0.339398324 -1.014617085 0.524785280
C -0.022848813 -1.035404801 -0.956949651
H 1.180878401 1.839604139 1.703216434
H -2.479269981 0.944639325 0.252138972
H 1.172983885 0.255562425 2.552345276
H -0.232390597 2.236623049 -0.304658115
H -1.940624356 -0.499084741 -1.955351472
H 1.318839312 0.662858963 -1.866986394
C 0.784150958 0.303828835 -0.979700446
C -1.554216743 0.448206306 0.004149818
H 2.598055124 -0.330297172 0.346229583
