17

H 1.530513883 0.824920952 -0.632801771
H 0.857744455 -2.149356842 -0.308148652
H 1.690771341 -1.425345302 -1.695601344
H -2.374299526 1.006558537 -0.064504594
H -1.058222651 -0.694444180 -1.113895655
H -0.431891024 0.677713096 -2.009093523
C -0.687254548 0.907974482 1.311674356
C 0.843622804 0.021909157 -0.345679730
C -0.528053999 0.252854079 -1.011820197
H -1.140354753 2.238311291 -0.303864568
H -0.741561234 1.667693377 2.091377497
H 2.453326702 -1.407392502 -0.103754073
O -0.816195250 -1.507246614 2.091851234
C -0.435817569 -0.468976974 1.651584387
C 1.504403234 -1.318574429 -0.632799327
C -1.298181534 1.187828422 -0.049925730
N 0.631449699 0.185573578 1.125401974
