14

C -0.159489423 -1.074248672 -0.848326802
H -1.532075286 0.716891468 -1.683793426
N 0.596884787 1.053590655 -0.905180275
H -1.759709954 -1.664953470 0.312406808
N 1.891175628 1.852808356 2.421811104
H 2.176606655 -0.544635773 -0.620288372
H -1.604230762 0.637460470 1.255064368
C 0.588988721 0.627915323 0.551555753
C -0.775754094 0.362075448 -0.987116694
C -0.892390490 0.170955881 0.568932056
C 1.125697494 -0.291869670 -0.506831110
C 1.323460937 1.323600292 1.560689330
H -0.157756254 -1.858536243 -1.592620492
N -0.821407855 -1.311054230 0.473697841
