16

O 1.567582011 0.703365982 -1.237194300
H -1.685562611 0.434701473 -1.411375999
H -0.158258080 0.637640238 2.647932768
H -2.084843636 0.450278521 1.046882868
H 0.963197231 1.014200091 1.259582281
O 1.172844291 -2.256020784 -0.367771059
C -1.073079944 0.356047332 0.657569051
C 0.540148318 -1.246703386 -0.185636237
H 0.263888478 -0.578147173 -2.224509954
C -0.819736004 0.708025634 -0.805553257
C 0.070521504 0.514066279 1.600372195
C 0.405021012 -0.126525670 -1.239957213
H -0.602646649 -1.655590892 1.678160191
C -0.246043503 -0.870381832 1.023508906
H 2.318839788 0.142072707 -1.475824714
H -0.631871998 1.772971869 -0.966185212
