21

O 1.588392973 -0.366371930 0.294993490
H 1.454182506 -1.871837616 -1.121213078
H -0.821072638 -2.427933693 -0.892698050
H 1.220611811 -2.327538729 0.573885322
H -1.120973110 2.197968483 1.048481464
H -0.002807006 0.948742867 1.590942979
C -1.382434011 -1.107938290 0.846486032
H 1.402901530 0.358271331 -1.651019692
H 0.073362485 2.162133217 -1.211672187
H -2.342915058 -1.628002524 0.897466838
H 1.047923326 2.672673702 0.146533459
C -0.528853774 1.335376859 0.717188179
C 1.573108554 0.735656202 -0.634971976
H -0.903612077 -1.140206695 1.820772409
O -0.938234091 -0.338308305 -1.090042353
C -0.526028454 -1.513528943 -0.369751424
H 2.585205317 1.153215289 -0.590711653
H -2.461219311 0.646963954 -0.052401107
C -1.455166340 0.255852729 0.129182339
C 0.994416952 -1.553387403 -0.166330948
C 0.543210268 1.808199286 -0.285120159
