14

C -0.639298379 0.362711459 -0.183523670
N 2.411799669 1.674959302 0.446074992
H 2.203040361 2.656233788 0.323689222
H 2.085019827 -0.997217000 -0.362092227
C 1.379676819 -0.564849138 0.340993702
H -3.021085024 -1.727727294 -0.539247572
O 0.150260672 1.460488558 -0.076986693
N -1.939441323 0.148389712 -0.457870245
C 1.426432371 0.961258769 0.250059456
N -0.956166148 -1.837094665 -0.070309810
H -2.659321547 0.801915228 -0.685132623
H 1.677373290 -0.875523448 1.344706297
C -0.045914140 -0.825425625 0.035073616
C -2.072376728 -1.238119364 -0.365434468
