14

N -0.133057281 -0.447247028 1.266032338
N 1.112819076 0.021641025 1.225239158
H -2.495400190 -1.255360126 1.317924380
H -0.975552976 0.118577965 -1.923170447
C -0.898033977 -0.407717705 0.177441254
C -2.306014538 -0.929260194 0.292849809
H -2.473990917 -1.765702605 -0.388191730
N 2.840367079 0.938375890 0.002596045
H -3.034376383 -0.151597232 0.023242047
H 3.261024714 1.176570058 0.880753219
C 1.554014802 0.513670266 0.043273859
C -0.378589034 0.102134734 -1.019961238
N 0.843482018 0.588445604 -1.102627873
H 3.083307505 1.497469544 -0.795400977
