15

H 1.741659045 -2.476441860 -1.089143157
H -0.974737048 2.743196249 1.065809727
H -1.006918788 -2.234828949 -0.739662468
C -1.644293308 1.915782809 0.816467345
C 0.489752859 0.562119246 0.153353065
C 0.649321139 -0.789005637 -0.332892627
H -2.348561525 2.253118515 0.064827040
C -0.838021457 0.763818860 0.338657260
H 2.499978542 -0.915313005 -1.422641754
C 1.932145715 -1.484751463 -0.678568423
O -1.525392294 -0.365955651 -0.008196610
H -2.217355728 1.651470661 1.709376574
C -0.609351754 -1.287691355 -0.416855037
H 1.277757764 1.270080566 0.343002170
H 2.574016571 -1.605598450 0.196467310
