15

H -1.344868422 -1.931860328 -0.625813127
H -2.038939238 -0.436881304 -1.266731739
C 0.060281724 -0.279117823 -0.724314749
C -1.311741471 -0.836265564 -0.554615796
H 2.852373123 0.418383718 -2.008662701
C 0.535060465 0.470169127 0.316037327
C 1.830272675 0.905621350 -0.066014320
H 2.509162426 1.532363296 0.462559432
H -0.590888500 1.214807630 2.156899929
O -0.738786340 -0.900499284 1.880600333
O 0.945488989 -0.349062681 -1.742024660
C -0.472835630 0.430475146 1.402083993
C -1.610113740 -0.374133408 0.885586321
H -2.650509357 -0.237303883 1.199445844
C 2.026044130 0.373303950 -1.315036058
