16

N -0.115284152 1.142091036 2.015912533
N 0.815920949 1.693062663 -0.237835199
H 0.686209381 -2.181600809 -1.497444510
C -0.186405823 -1.539541245 -1.640078425
N -0.205689371 -0.452206552 -0.657958567
H -1.587283492 -1.473738670 0.473945707
H -0.152288243 -1.124272346 -2.656052828
H 1.854312062 0.990252018 1.414937496
H -1.093531132 -2.138683796 -1.544870973
H -1.570478082 -0.212299332 2.420637608
C -0.907029092 -0.624658823 0.493177682
C 0.450931191 0.745263398 -0.970551193
C -0.849377751 0.130092427 1.675964236
H 0.657026649 0.812156200 -2.052893639
C 0.965555906 1.609792590 1.204682469
H 1.237411022 2.624290943 1.558427453
