16

H 1.245001316 -1.135855317 1.446457386
H 1.893628478 1.038731337 -0.029283039
N -0.134773046 -0.689296961 -0.112959251
H -0.238142774 -2.676439762 -0.937968135
H -0.597593188 2.541703463 0.299884558
H -1.306465507 -1.315232873 -3.047400475
N 1.371869445 1.631540656 0.589090228
C -0.485849589 0.516904414 -0.657023907
C -0.959129691 -0.919417262 -2.118745804
H -0.447630435 -1.002662539 1.964435339
C -0.069011271 1.602927685 0.276082993
C -0.418279409 -1.632079720 -1.070851445
N -1.020409584 0.433228463 -1.840647221
C 0.476157010 0.913943768 1.475952625
H 0.385407895 1.295024395 2.480150223
C 0.305220276 -0.603019595 1.282826066
