16

C -0.507013083 -0.085945807 0.181968957
H 1.083146214 -2.541317940 -1.493081689
H -1.710489154 1.790790677 0.371816069
N 0.294289172 1.006401658 0.710202932
C 1.602682710 1.240445852 0.077080674
H -2.502555847 -0.977917016 0.640528917
N 0.979911983 -1.543955207 -1.322539687
H 1.573341131 1.193201303 -1.023485541
H 2.308889866 0.491766155 0.428466678
H -0.684330046 1.662709355 -1.156925321
C 0.051279578 -1.294515848 -0.522802293
C -1.438354373 -1.088152051 0.860417366
H -1.283719778 -1.248709917 1.927199841
H 1.951945066 2.228489399 0.385742426
O -0.848371267 -2.163986683 0.067895226
C -0.870653212 1.330696464 -0.132484779
