17

H -0.118918158 -2.669203758 -0.278793037
C 0.134962916 -0.568981111 0.041662436
H -0.137212709 2.446569920 -0.851371527
C 0.628381610 0.463193536 -0.714811325
H 3.890591383 -2.563086033 -1.586040616
H -1.824337482 2.865583181 1.512153029
H -2.859930754 1.441823006 1.657448292
H 1.469451189 0.532005072 -1.381253600
N -0.199690938 1.528827310 -0.436882168
N -0.970092237 -0.156083420 0.757093430
H -2.868614435 2.405248165 0.169677958
C -2.222034454 2.005963326 0.960781395
C 1.910225391 -2.214072466 -0.538924992
C -1.160416365 1.116307497 0.443599164
C 2.962467670 -2.399603128 -1.096047044
C 0.638060093 -1.982426524 0.138647452
H 0.727107167 -2.252065182 1.203060746
