20

H -1.109657645 -2.309964657 -0.171819106
N -0.766587198 -0.460968077 -2.908703566
H 1.646568298 1.740275145 -1.464454770
H -0.450090975 -0.364008754 3.504560471
C -0.185756251 -0.429427415 0.539622784
C -0.011571360 0.584098458 -0.607050955
H 2.100082636 0.103623144 -0.943686545
C -0.865530014 1.866048455 -0.378730744
C -0.434152544 -0.002634135 -1.891657710
H -0.533101857 2.353933334 0.550858617
C -0.052665029 -1.934287906 0.263105094
N -0.392124206 0.079447053 1.699496388
H 0.935060024 -2.228061914 0.816062570
H -0.732853770 -2.585933685 0.918572962
O -0.272464752 -0.878196895 2.711223364
H -1.912498951 1.612263560 -0.251726866
H 0.474386245 -2.054519892 -0.743109524
C 1.492077947 0.975792348 -0.701324821
H -0.746363699 2.554020166 -1.205877781
H 1.817243099 1.378502369 0.264639616
