18

H 1.656925797 -1.569851279 0.823724151
H 0.228589192 -0.988391519 -0.653797328
H -2.831763983 -1.292102098 -1.194381118
N 0.275528789 0.736968100 0.603937328
C 2.088043928 1.534622192 1.910676003
C -1.400269866 0.338333637 -1.120987892
C -0.443306118 -0.298292547 -0.124714784
H -2.051260233 1.019794822 -0.572101057
H -1.011990786 -0.915457487 0.573497236
H -0.824365675 0.942199528 -1.811237454
H -2.899923086 -0.213987693 -2.580965757
H 2.854675531 -0.793685853 1.797425270
N 2.090262413 -0.736058176 1.151504874
C -2.217219830 -0.698658645 -1.880059123
C 1.399564743 0.441296726 1.158308983
O 3.134270430 1.378775477 2.485536575
H 1.549566507 2.488320351 1.883245826
H -1.597328663 -1.373825908 -2.449611187
