20

O -0.812448561 1.561402082 -4.156388283
C -0.331421196 0.191111594 -0.957777500
C 1.030754685 -0.478626490 2.680117369
C 0.526134789 -0.710236788 1.284147501
H 1.940114021 -1.055178165 2.859356165
H 0.373649716 -3.673793793 1.220123649
H -1.397027016 2.061260223 -1.194158912
H -0.457608968 1.140447259 0.972998500
H 1.239716172 0.575428069 2.851804256
H -1.247823477 -0.416200846 -0.855316520
N 0.305026203 -1.864173412 0.771273255
O 0.559813440 -2.872192383 1.716938376
H -2.126466990 0.473644286 -3.071976900
C 0.237414047 0.498908132 0.424093157
C -1.238556027 1.152225733 -3.106448412
C -0.658090353 1.468130350 -1.749531984
H 0.370910585 -0.424191475 -1.534023881
H 0.294501513 -0.813079178 3.409958363
H 1.162037253 1.080641270 0.322656244
H 0.229369894 2.104473829 -1.887843847
