18

H -1.478884459 1.538107157 -0.557042003
C -1.125898480 -1.149864078 -1.420755982
H 0.091414444 -2.297170639 0.575097919
H -1.523144126 -2.169181347 -3.418588400
C 2.083778143 0.285489142 0.704558134
O 1.552535653 -0.920651972 0.311130553
C -1.332922816 -1.687418818 -2.486131191
H 0.092377186 1.128508329 -1.217900872
H 0.078305893 2.778192043 0.727645874
C -0.870639682 -0.488306254 -0.147152573
C -0.548420846 1.019945860 -0.343550801
H -0.394725472 1.467871547 1.792042136
H 3.170812130 0.199254334 0.668496072
C 0.208469391 -1.218990564 0.685179949
N 1.554837823 1.374601126 1.058023334
C 0.140227437 1.689301968 0.861690164
H -1.781350493 -0.570120633 0.453663051
H 0.083228365 -0.979567051 1.753595233
