19

H -1.330565453 -1.201371431 2.725718021
H 0.993000209 -1.066192865 -0.491508543
H -0.724898338 1.456724882 -0.678041875
H -2.558271646 -0.234885618 -0.770309985
H -1.888620853 0.854440689 1.371673822
H 2.429641008 0.135760084 -2.141754866
H 0.060797349 -1.531867623 1.669707775
C -0.552065611 -0.735090196 2.083347082
C -1.206807971 0.091540992 0.997372508
C 0.941125035 0.036321212 -0.552581489
H 0.087036163 -0.122462630 2.714071989
H 1.355553746 1.555274606 -2.056777239
C -1.620408416 -0.530138254 -0.322143912
C 1.396417856 0.458859801 -1.954298019
H -1.361467242 -1.568775892 -0.488411248
H 1.852070212 1.431411386 0.446965337
C -0.484827161 0.467693359 -0.280140221
H 0.748123586 0.037348062 -2.722720623
O 1.864167333 0.465409458 0.449832290
