15

H 1.511904120 1.047122002 1.268316031
H -0.114424631 -0.773842156 2.775449038
C -0.268431008 -0.490505189 1.738231659
C 0.952722073 0.143291757 1.043244600
O -1.860553265 -0.567008317 -1.009701371
H 0.075773276 -2.554879189 0.554798961
C -0.820818305 0.072953284 -1.041024208
H -0.561993957 3.153069496 -3.082685232
C -0.629327655 2.281483412 -2.488629580
C 0.315935463 -1.504215002 0.715751469
O 1.671463132 -1.152620435 1.178140402
C 0.428669780 -0.384860158 -0.340383559
H -1.246579289 -0.049551673 1.556777120
H 1.256848693 -0.497097850 -1.045447111
C -0.711188376 1.276659608 -1.822838426
