21

H -2.434670925 -0.740238905 0.930857122
H -1.637614727 0.116210826 2.255820274
H 1.178055167 0.439629853 -2.385659933
C -0.463087708 -0.018467605 0.475602716
C -1.462753654 -0.601976335 1.430478573
H -1.705952406 -2.269973755 2.610515594
H 0.561066687 1.615382552 1.642656446
H -1.144018292 -2.385834217 -0.857974231
N -1.038054585 -1.933057666 1.910162210
C 0.729219794 0.411538303 -1.391904712
C -0.895136356 -1.579594851 -1.573329926
H 1.953632712 3.156746864 0.129260615
C 2.115246058 2.331976891 -0.576078296
H 2.078629971 2.759294271 -1.588645458
N 1.090184331 1.325309873 -0.425358951
H -1.837561965 -1.281067610 -2.064507246
C 0.397368520 1.027855992 0.720852137
H 3.126209974 1.928945541 -0.410140425
H -0.241640672 -2.015798807 -2.351222754
C -0.226029500 -0.437247902 -0.868345380
H -0.143091872 -1.849633813 2.386961699
