22

H 0.895305753 0.299048215 -2.396826029
C -1.023138881 0.535585880 0.149217367
H -0.693441987 -0.477275491 -2.496488333
H 2.753156424 1.031823993 -0.100343183
H -1.604284883 -1.667613506 0.373311579
C 2.167800188 0.772666752 0.790614963
H 0.754791498 -1.443120360 -2.161067724
H 1.863787532 -1.275121450 0.193735912
H 0.504347205 -1.927606463 1.996083975
C -2.342775345 0.904158413 -0.503941536
C 0.245619923 -0.946799457 1.599812508
C 1.255342960 -0.423575282 0.510937035
C 0.260422081 -0.483619004 -1.968513846
H 1.586676359 1.664308548 1.071113467
H -2.639782190 0.184948340 -1.258540869
H 2.857140541 0.558126569 1.596759677
H 0.078611776 -0.274174780 2.453809738
H -0.705638289 1.311340451 0.840522826
H -3.153378487 0.955101907 0.244335189
C 0.080941409 -0.262644202 -0.494212836
C -0.845654309 -0.920251369 0.533133924
H -2.295848608 1.884692550 -0.973453760
