17

C 0.427651644 -0.990848899 -0.221541092
C -0.044991959 0.512495041 -0.332209438
H -0.552818179 -1.732266188 1.630787253
H 2.783242702 0.647843122 1.108309388
H 1.291142821 0.267338872 2.042838812
C -0.682918668 1.382492423 -2.740276337
O 1.690875769 -0.925579071 0.402782768
C -0.813268065 -1.302798390 0.659616590
H 0.528074384 -1.553408384 -1.147225738
C -1.219698906 0.198191762 0.643469274
H -1.533081174 -1.954636335 0.172715813
H -2.212450504 0.408346236 0.234066471
H -0.930841804 1.731745243 -3.710048914
C -0.382341683 1.011151433 -1.644588113
O 1.026427269 1.252710938 0.252875417
C 1.738833904 0.324725062 1.046658754
H -1.113837242 0.722496986 1.601768970
