17

N 0.648128033 0.674975514 -0.403340220
H -1.257449508 1.441648483 -0.474865288
H -2.279535055 0.183409944 1.313534856
H -0.773108721 0.891406953 1.920754671
C -1.193996787 0.159996733 1.216397524
H -0.908379376 -1.561165094 -1.038847566
H 1.414728642 0.190997213 1.483489037
C -0.790902555 0.472026706 -0.233177215
H -0.857119620 -0.844779134 1.527678609
C -1.341406822 -0.567408264 -1.218295336
C 1.558435678 -0.088551253 0.435988069
H 1.420868993 -1.188577652 0.379260778
N 4.046573162 0.414282560 -0.228138164
C 2.957020044 0.202170119 0.087968074
H -1.116887450 -0.278655469 -2.252166033
H 0.897742152 0.552066624 -1.387291193
H -2.424710989 -0.653844118 -1.128950834
