22

C 2.112339258 -0.003109988 -0.025122199
H 2.174097538 -0.183499530 1.053278923
H -1.710336447 0.371767104 -1.744431376
H 0.224263936 -1.084493041 1.859173775
C -0.644895613 -0.593494534 1.413187981
C 0.428880870 2.975691319 0.638556480
H 0.719837070 0.676149189 -1.517320395
C -1.781864643 0.230872363 -0.666180909
H -1.150752544 -2.381580591 -0.686492682
C 0.542261362 1.880445480 0.168663770
H 2.332001448 -0.926332414 -0.547122896
C -0.269985706 -1.750211954 -0.800589442
H 0.322281450 3.941168547 1.047534823
H 0.586848378 -2.294225454 -0.379186034
H -1.976235986 1.199734926 -0.211663693
H -0.085885502 -1.620116115 -1.863430262
H -2.632075310 -0.423655123 -0.470635980
C 0.725531161 0.546559751 -0.427795053
H 2.881377220 0.728687167 -0.276951075
H -1.502298594 -1.244781733 1.614369035
H -0.806442440 0.351336926 1.923237801
C -0.488947004 -0.396912664 -0.101080537
