17

H 0.858074069 2.254434586 1.328016162
H -0.596557617 -1.172039747 -2.542560577
C 0.369948655 1.299760699 1.143354177
H -1.971182942 -0.850434721 0.314415365
C 0.098122090 -0.609133184 1.447388887
H 0.604954541 -2.052463293 -1.575852036
H 1.096279502 -0.646557987 -2.542970896
O 0.090751432 0.526872575 2.337297678
C -1.015747070 -0.337356687 0.399390996
C 0.017941814 -0.152225211 -0.768146753
O -0.505668759 1.170847297 -1.086107492
C -0.933712721 1.226305127 0.284701645
C 0.291647732 -1.059787869 -1.915239811
C 1.023964405 0.084508933 0.408513308
H 0.232199714 -1.572870612 1.934748411
H 2.102669716 -0.015843373 0.346825421
H -1.763684750 1.905983448 0.486225784
