18

C -0.300477684 -0.258698255 0.666424811
C -0.186901376 -0.407921255 -0.711548924
C 0.542081177 0.375502706 -1.781412840
C 1.243675590 1.807820320 0.968974590
H 0.377349406 -0.074475437 -2.761331320
H 1.619278312 0.397505283 -1.610189080
H 1.602057934 2.427328825 1.780625582
C 0.304053754 0.755495906 1.544817686
N -0.925588906 -1.483626366 -1.054125667
O 0.054644432 0.760710359 2.741549253
H 2.093407154 1.337561607 0.462741673
H -2.183628559 -2.891087055 -0.029689237
C -1.172232270 -1.281948209 1.142714143
C -1.540755391 -2.025949478 0.057515144
H -0.999760926 -1.853250504 -1.986194372
H 0.730738103 2.421571970 0.229725957
H 0.204786181 1.411449194 -1.823159218
H -1.462727189 -1.417990088 2.162561655
