21

H -0.253065348 -0.806361437 -2.724422216
C -0.481114715 1.886415482 -0.130144522
H -2.271302223 0.595760405 -0.661170244
H -1.243516684 -2.439767599 0.400904357
H -1.014027834 2.654294491 0.451418638
C 0.492387652 -0.040804803 0.730527461
H 1.738489985 1.640659332 -0.018635157
H 1.151661515 0.093354002 -2.127053499
H 0.892547131 -1.709275961 2.198427916
H -1.414230824 0.002891612 2.107244015
H 0.992222548 1.953359127 1.549795628
C -0.993193209 -0.184666321 1.116587639
H 1.046183348 -1.658292055 -1.900516152
C 0.459769994 -0.734945476 -1.900132775
C 0.850453436 1.439380288 0.593239903
C 0.819651484 -1.491592646 1.138808489
C -1.279923320 0.562566042 -0.213292077
H -0.278023094 2.307771921 -1.112450957
C -0.230463579 -0.513479888 -0.580291033
H 1.623624206 -1.992543221 0.581893563
C -0.608130753 -1.564723134 0.499260336
