18

C 0.105058268 2.664377451 -0.070395716
H 0.409462303 -1.082183599 2.164262295
H -0.267434567 1.649412870 1.797617316
H 1.391978383 1.565424919 1.272577763
C 0.188058823 -1.023666620 1.115827084
C -0.068021953 -2.157031298 0.286313862
H 0.773757517 2.602640152 -0.941792488
C 0.113549419 0.136456609 0.351443797
C 0.358330786 1.516081095 0.909511268
H -0.920114338 2.653741837 -0.428386778
H -0.813419044 -1.684940815 -2.938173056
C -0.218177810 -0.154170498 -0.957177281
C -0.354007065 -1.564399123 -1.116633534
H -0.354422957 0.547839701 -1.762045741
N -0.099247798 -3.410956144 0.522114396
N -0.644560456 -2.288121223 -2.126987219
H 0.298698485 3.626563787 0.411258489
H 0.100512043 -3.597069740 1.510664821
