21

H 2.033182144 1.129036188 1.561034441
C -0.975085139 -0.101047061 -2.674115896
H 1.299711108 -1.834427118 1.638194084
H -1.983908772 0.165731922 1.783000588
H -0.832383573 1.331435919 2.424219847
C -0.978083134 -0.663220048 -1.325460792
H 2.241668224 0.185714737 -1.088933229
C 0.202592686 -0.576212883 -0.412120491
H -1.641806483 -1.511942863 -1.139982224
O -1.685237646 0.538602948 -1.611781478
C 1.361269951 0.451245070 -0.527989089
C -1.118113875 0.763903975 1.535954118
C 1.017770529 -0.821343005 1.873624325
H 1.001588225 -0.590984464 2.924220324
H -1.416322231 1.477991104 0.765585721
C 0.026226554 -0.079455964 1.046578050
H 0.658016264 -1.583177209 -0.471803516
H -0.101238616 0.444205105 -3.021696806
H -1.583190680 -0.550782084 -3.447209120
C 1.467881799 0.397441000 1.016156554
H 1.005462885 1.427284956 -0.847475529
