14

H 1.283884287 -1.678602457 1.926836133
O -2.607907295 -1.389169335 0.029380310
H 0.999812007 2.571208715 -0.513959229
C 0.640215278 1.768720508 -1.164326429
C 0.221253842 0.574769139 -0.369160950
H -2.717907429 -2.166948318 0.595872700
N -0.597752392 -1.617911577 1.066765308
H -0.204140812 2.145236015 -1.758670688
C -1.354262710 -0.954346776 0.200661466
H 2.135471344 0.304371983 0.637162209
H 1.461438298 1.521146655 -1.847273111
N -1.027750969 0.125240237 -0.527295113
C 1.119589686 -0.056846619 0.510987461
C 0.648056626 -1.146868348 1.213020325
