18

O -1.845545530 -0.700658560 -0.274842769
H 1.434352756 -1.078552961 -0.544080198
H 1.681262612 1.396914959 3.680850744
H -0.646592557 -2.313267708 -0.728562176
C 0.657900274 1.334208488 3.295516968
H -1.327489614 -0.414657712 -2.879946947
H 0.059256654 0.766599655 4.020017147
C -0.691605508 -1.232969046 -0.882695198
C 0.593037844 0.182737827 0.897650063
H 0.146754295 -1.391330242 -2.909675360
C 0.568772554 -0.424771190 -0.408170015
C 0.406053543 0.443192750 -1.703157067
H -2.616011620 -0.991336048 -0.771127164
H 1.329118729 0.731989980 -2.224434853
H -0.193187520 1.335778475 -1.499769807
C 0.626494348 0.703120291 1.988491893
H 0.263476014 2.351994276 3.252773523
C -0.446047366 -0.698993206 -2.308839321
