17

H 0.429763407 -0.645241559 2.238598347
H -1.887030244 0.249955505 1.017450333
H -1.816735029 1.915206194 0.429858863
H -0.743856490 1.412758708 1.737358332
H 1.962089062 -1.239970207 1.556259632
H 1.703407049 0.510630190 1.774700165
C 1.225434303 -0.439608246 1.514350891
H -1.589116216 1.005458951 -1.912654400
N 1.042056322 -1.428878665 -0.621547580
C -0.819225252 0.328360200 -1.563103795
N 0.701055884 -0.405340374 0.160374656
N -0.509447575 -0.698006630 -2.281176090
C 0.461316586 -1.536231518 -1.785961866
C -1.217472434 1.081762552 0.806387246
H 0.461556941 1.579118609 -0.420185059
H 0.760204852 -2.372801542 -2.406191111
C -0.164001063 0.682827294 -0.244518235
