20

C -0.861628532 -0.308823049 -1.349648118
C 1.552345514 0.609414458 1.221810341
H 0.888392866 -1.735267401 0.392556459
H 1.671398282 1.982048154 -0.427276820
H 0.718332589 1.015953422 -2.307993412
H -1.343872309 -0.581846893 -2.281181574
C 0.327592283 0.686650515 -1.364681840
H 1.901480317 1.445171714 1.837440014
C -1.118539095 -1.056159496 -0.091591775
H 2.390545845 -0.060456902 1.065476179
H -2.087968826 -1.562821865 -0.160842612
C 1.014173746 1.174235106 -0.096323945
C -0.146613672 -1.985947609 0.609790742
H -2.469157219 0.717636466 0.112282194
H -0.745868623 2.568440914 -0.442923516
C -1.454880476 0.428904027 -0.136360720
H -0.286755115 -1.972487807 1.699003577
H -0.324290216 -3.003573895 0.266036689
C -0.402074039 1.540409446 -0.323054284
H 0.777386665 0.098521076 1.777482510
