22

H 0.719977856 -1.095439553 -3.063979149
H -1.237272501 -2.563564777 -2.049790382
H 0.664599657 0.587714493 -2.553553104
N -0.383025259 -0.191904426 0.026565306
H 2.292548895 1.379643440 1.505309105
C -1.379958749 -0.828670204 0.731466353
C -1.853955865 -1.872820020 -0.007602232
C -0.427707702 1.943488598 1.303255081
H 1.406248093 -0.038919598 2.124946594
H -2.629933834 -2.562701941 0.276068568
H -1.686355233 -0.470593065 1.704939842
C -0.217888743 -0.855448425 -1.179364800
H 1.836580276 -0.527558982 -1.827806950
H -1.341088891 2.227558136 0.779672563
H -0.688613832 1.525999188 2.282183647
H 0.149799749 2.857951641 1.514601111
H 0.715543330 1.486150742 -0.432886481
H 2.292460442 -0.152750984 0.602312088
C 1.673346281 0.518114030 1.219192743
C 0.800931275 -0.447188735 -2.199602365
C -1.121216297 -1.884636402 -1.227555156
C 0.414980799 0.965576828 0.471627235
