18

C 1.282563090 -0.682201624 0.969052792
C -0.875877678 -1.780880451 0.265516788
C 0.658599615 2.486920118 -0.645825028
H 1.125808835 2.931367874 -1.541525960
H -1.700662136 -1.709868312 0.972560585
H 0.697635889 -2.610941172 1.587699294
H 2.283724785 -0.758181214 1.370992661
H -0.996550739 -2.764796495 -0.214329824
H -1.240657091 0.903336704 0.669720113
N 1.561821818 1.593159199 0.035040215
C -0.566904247 0.654665291 -0.163272142
C 0.873019338 0.541944385 0.335401624
H -2.039330959 -0.584257841 -1.165111780
C 0.438327044 -1.732826471 1.002371430
H 0.345799774 3.311583519 0.014172744
C -1.002667546 -0.658755839 -0.785660684
H -0.358239621 -0.875497580 -1.642805576
O -0.486410350 1.735229611 -1.063997626
