14

H -0.931676984 -1.894462705 1.176893473
C -0.424193174 1.062526584 1.575689197
C -0.214131713 0.050117902 0.566958189
H 0.088501722 3.233122587 1.427451253
H 0.828126669 -1.508964896 -2.739896297
O 0.583635390 2.054630280 -0.190665796
C 0.409227520 0.735613644 -0.504900217
C -0.469091952 -1.297836661 0.399959564
H -0.287211657 -2.901713371 -1.031116962
C 0.050749205 2.221959829 1.052764535
H -0.861523747 0.938141465 2.545701981
C 0.530683756 -1.069484830 -1.803877711
C -0.093496308 -1.860860705 -0.819338083
N 0.790401340 0.237211391 -1.655622840
