16

H -1.071176767 1.649067760 0.318229765
H 1.869307399 1.756962538 -1.234665513
H 1.632442713 -0.634225309 -1.130399704
H -1.412892938 -0.404205859 -1.226727128
H -0.691937804 -2.166342020 1.123828530
H -0.635755122 -0.026474068 2.468471527
O -1.479952455 1.110117674 1.000769019
H -0.375361055 -1.828804731 -1.469125032
C -0.537471950 -0.940438747 -0.860657990
C -0.502443016 -1.209651351 0.652275920
C 0.840975225 1.333550811 -1.165841341
C 0.777243614 -0.096184433 -0.713726699
O -0.123919271 2.025598526 -1.412239075
C -0.619685054 0.093295343 1.384708166
H 1.602744937 -0.385661602 1.447821498
C 0.727881372 -0.276604146 0.817278087
