20

C -0.091230996 -0.110074319 0.710811734
H 1.106024742 2.238244295 -0.534156561
C -0.485045165 -0.726674378 -1.566304922
H 1.871015787 -0.263407946 1.633011222
H 0.356125563 -2.228776932 0.997014344
C -0.084201418 0.436066449 -0.713005245
C 0.929687500 0.285571873 1.769749999
H 1.851103067 0.981968462 -1.537291050
C -0.459865361 -1.593704343 0.615811408
H -1.085097313 1.874554038 0.672294199
H 1.169224858 1.352614880 1.718667150
H -1.346419215 -1.839259982 1.238703251
H 0.554932415 0.075458407 2.769256353
H -2.174424648 0.501358628 0.129182130
C -0.705592930 -1.822526693 -0.851169527
C 0.898639441 1.452619195 -1.265015125
H -0.604735672 -0.630561888 -2.645492077
H -1.039852381 -2.781374454 -1.254466772
H 0.493242532 1.939809918 -2.163261652
C -1.153530717 0.858094990 0.275660694
