18

C -0.393045813 0.175972462 -0.147465140
C 0.045065865 -1.084998369 0.649559617
H -0.672282815 2.410051584 1.237046957
H 0.576305687 -0.928508461 1.586176991
C -0.320295334 -0.676693082 -1.426130533
H -2.448742628 2.229376554 1.308990598
H -1.145240545 -1.377343297 -1.513892055
H -0.745828092 -1.818678498 0.758625984
H 1.356255412 -2.218971729 -0.906723917
O 0.805171609 0.965753317 -0.194227010
H -0.142571241 -0.140573144 -2.351002693
O -1.510336876 0.916948318 0.086368330
C 1.788358092 -0.035879396 -0.552821338
H 2.548831224 -0.111349590 0.218898922
C -1.499820828 1.698652387 1.261273861
C 0.892438114 -1.284846306 -0.647942126
H -1.396591306 1.059436440 2.144140720
H 2.262330294 0.221650690 -1.510877252
