17

H -0.454819083 2.825488806 0.412303567
N -0.985327661 -1.231551886 -0.161164522
H -1.890415072 -0.879248381 0.119744778
C 1.254481077 0.406026542 0.496237874
C 1.096182942 -1.021569967 -0.051459637
H 0.087227523 -2.916176796 0.566812813
H -0.048922267 -1.623134136 1.787737727
C 0.249558672 0.999662817 -0.510416150
H 0.821859658 1.516424894 -1.298636794
C -0.866098106 1.908524632 -0.015386568
C -0.053244241 -0.465017259 -0.958309948
C 0.007632782 -1.826371670 0.711243749
O 1.888141036 0.874652565 1.395584106
H -1.446116209 1.417775631 0.767712951
H 1.984956861 -1.542389870 -0.415663600
H -1.538190365 2.197774410 -0.818623066
H -0.106907427 -0.640870333 -2.027717113
