18

H 0.013529642 -2.337920666 -0.983733237
C -1.219742656 0.422908962 0.337262154
C 0.688331187 1.184494257 -0.856557250
H 0.655580580 -2.461649179 1.394391775
H 1.275620222 -0.751039445 1.388350964
H 1.903726220 1.950359225 0.618186295
N 1.387354136 1.106174946 0.432514638
C 0.087105423 -1.392492056 -0.438484341
C 0.000609319 -0.130289838 -1.334239244
H -1.693533301 -1.691581368 0.975313723
O -1.374405026 0.292703360 -1.093723178
C -0.064575337 1.470101118 0.379965782
H 0.150347799 -0.343361288 -2.395298481
C -0.856333733 -1.044782877 0.699907422
C 0.557867467 -1.451161265 0.993019521
H -2.144981861 0.767733157 0.785089195
H 0.965557635 1.930309534 -1.605916739
H -0.332057714 2.479493141 0.703950942
