18

C -0.103568442 1.290483236 -0.117586173
H -1.597189307 -2.032560825 0.529627740
H -1.972826481 0.502361119 -0.752007604
C -0.935733318 0.444923937 -1.066817522
C -0.445720434 -1.008141160 -1.001119852
H 3.083977461 1.664633632 0.186565295
H -0.618735790 2.233841658 0.117052436
N 1.628160477 0.820588827 1.440923929
C 2.060803413 1.373010635 0.361690581
H 0.074353829 -2.485199928 0.541610241
C -0.326555490 -0.629723191 1.483724236
O 1.202200890 1.651721001 -0.647908330
C 0.312542766 0.501478493 1.115176797
H -0.983168900 -1.622380018 -1.739931583
H 0.614657700 -1.029249310 -1.281327248
H -0.531723976 -0.898566604 2.500980139
C -0.595608413 -1.628007889 0.403473973
H -0.865866065 0.850786388 -2.074127436
