17

C -0.858274341 -0.739336133 1.225605607
H -0.945463836 1.469690800 1.128097773
H -0.013956237 0.918007910 2.568599224
H -0.914361358 -1.317447901 -1.997716546
H 1.613126159 1.863012671 -2.298554182
C 1.020687103 1.190380812 -1.684376836
O 1.428114295 1.265627503 -0.386948019
N -0.101602934 -1.908895850 0.729765952
C -0.097310774 -0.698650241 -0.080739342
H -1.883866549 -0.990043402 1.470448732
H 0.798421979 -2.142672300 1.106994867
C 0.861383379 0.337557763 0.516030312
H 1.712873101 -0.095775478 1.066085219
C -0.287038565 0.690423369 1.529424191
H -1.704443336 0.063075863 -1.257080317
C -0.720226705 -0.414420366 -1.419017196
N 0.091938354 0.509464800 -2.216619253
