17

H -1.874135852 -0.606179714 -1.298640728
C -0.191577211 1.823463440 -0.648001194
N -0.014628656 0.059132695 1.261362553
H -0.451694310 -1.687671423 2.477164268
H 1.475054741 0.513731837 -1.670387626
H 0.305176973 -0.839167476 -1.955430746
C 0.464754462 0.137204617 -1.495401263
H 0.240062937 2.736367226 -0.485680431
C -1.562640548 0.351598084 -0.889248490
H -2.403192282 0.943395257 -0.503401458
C -0.231690571 0.445154190 -0.100333512
N -0.666483462 1.157249570 -1.863714457
C 0.031373590 -1.391477346 1.550708294
C 1.270965934 -0.568232596 1.584876776
H 1.987568974 -0.718140543 0.779464126
H 1.695429921 -0.257774264 2.527225494
H -0.074344784 -2.098653555 0.729438066
