17

C -0.608775973 -0.504336059 1.130124927
C 1.065316677 0.326882392 0.243341655
H 1.714728475 -0.854358554 -2.173991919
H -0.134907991 1.933613420 1.664956927
H -0.869133353 1.666754007 -1.678322196
C 1.091342807 -1.013364434 -0.395506084
C -1.212460279 0.788168252 -1.118988037
H -1.418572068 -0.704041541 1.815662742
H -1.070571423 -0.112375215 -1.730299711
H 0.349319279 -2.602286816 1.083870292
O 1.499566197 -1.551799774 -1.530333519
N 0.812903523 -0.397775084 1.624045372
O -0.719937682 1.906754732 0.902671576
H -2.279965639 0.917187333 -0.920470238
H 1.844345450 1.079620361 0.164112315
C -0.454650432 0.700475216 0.203065738
C 0.391452223 -1.579118609 0.716059387
