16

O -1.799295902 -0.669542372 3.254756927
H 0.809922099 -0.548981190 -2.252795458
C -1.179780602 -0.628063321 2.087651253
C 1.334447503 0.281380862 -1.808306456
H 1.030809879 2.498109341 -1.653892040
H 2.365803003 0.384175807 -2.109388590
H -0.683665812 -1.918712378 -0.747175694
C 0.995566249 0.661150575 -0.384204239
C 0.021594133 -0.121918119 0.408015639
C -0.633119702 -1.258670568 0.104337610
H 1.806346416 1.055184484 0.220771968
C 0.541040778 1.535720110 -1.527257442
N -0.363705426 0.292438120 1.691487670
O -1.415307522 -1.613966227 1.196028948
H -0.511733115 1.536936760 -1.771331310
H -2.318921804 -1.485241652 3.291301489
