17

C -1.212916374 -1.447159290 -0.544090807
H -1.600918531 -2.320435524 -1.043005228
C -1.216920257 0.003758108 -1.046041965
C 0.092418835 0.253932774 -0.239845425
C 1.801873803 1.342648387 0.185852736
H -2.105946064 0.587465405 -0.789488018
H 2.290973902 2.290896416 -0.038042545
H -0.134626389 2.247439146 0.604792237
H -1.189504027 -2.335626841 1.276467562
O 1.198999047 0.749430418 -0.993033469
H -1.003227711 0.085534342 -2.114018202
N -1.168010592 -1.388412237 0.926213324
C 0.082267746 -1.226011753 0.162919536
H 0.930675745 -1.891636491 0.278207093
H 2.521276951 0.677501678 0.677587688
H 0.303087503 1.050280690 1.869492769
C 0.410496652 1.320394874 0.826033056
