20

O 2.772488356 -2.089589357 -0.367734730
H -1.972280622 -1.230780482 0.108696043
H -0.580261290 0.640502393 -1.890800476
H 2.862835646 -3.040839434 -0.267686129
H -0.201999038 -0.737194955 1.682208300
H -2.491239786 1.683217049 0.062459499
C -1.345955253 -0.069728710 -1.535374284
C 2.056388855 0.318434387 -0.478337377
H 3.102527857 0.351952821 -0.210409641
H -2.504054546 0.707067966 1.540728807
C -0.085325859 -0.163838640 0.756893039
H -0.245078787 1.727747917 1.998936057
H 1.784544706 0.904601038 -1.317242980
C -1.406609058 -0.316518545 -0.051130533
H 0.007866139 1.996178389 0.279533416
C 1.220562100 -0.586609364 0.127792314
C -1.916329026 0.974347651 0.659131825
O -2.111489058 -0.537003756 -2.318775654
N 1.505045414 -1.856346130 0.205658451
C -0.451635957 1.324399948 1.015454054
