18

H 0.120003261 -1.238941669 2.079440355
H -1.866335273 -0.741448879 0.285508275
H 0.205245569 1.129025936 -2.526233912
C -1.116735339 -0.006054862 -0.033509765
C -0.090073764 0.141977474 -2.129547596
H -1.215071440 1.063758612 1.857514858
O -1.315627694 0.246204406 -1.427203059
H 1.310596347 -2.118181229 1.114511728
C 0.888573587 -0.388180524 -1.119945765
C 0.279256463 -0.568892658 0.059074152
H -0.208460197 -0.531252146 -2.986040115
H -2.290825605 1.700114608 0.582209766
C 0.884808421 -1.120890498 1.303921580
C -1.304859042 1.277433395 0.788673759
H 2.449285030 0.012688116 1.137438774
H 1.923403263 -0.598816276 -1.364169121
H -0.541489899 2.014884233 0.516617298
O 1.888307095 -0.273427993 1.861739159
