16

N 1.804186583 1.605123997 0.170663342
C -0.062893234 1.064217210 -1.348263860
H -0.207534283 1.508061886 0.714083612
N -1.369062781 -0.320187896 1.770568848
C -0.464501321 1.103715777 -2.472917557
N 0.563414574 -0.374518424 0.527204335
N -0.682889044 -2.345513105 0.717423856
H 1.724541187 2.592069149 -0.055421468
H -0.356195897 -2.586752415 -0.209635124
H 2.424047470 1.216319561 -0.526902378
H 1.217888236 -0.962750137 0.054232374
H -2.026600122 -0.957909107 2.207667589
C 0.475743681 0.990898311 0.026259463
C -0.574646473 -0.981716752 1.023483872
H -1.615816712 -2.696993113 0.869722605
H -0.849682152 1.145935178 -3.468169689
