15

N 1.219764590 2.418671131 -1.029556751
H -1.319904089 -1.886384606 -0.419514656
H -2.188135386 0.003022205 1.155811548
C 1.228342295 1.404831648 -1.920004725
N -2.048065901 -0.957356572 1.396346211
O -0.538031578 -2.099320173 0.084877819
H 0.314374328 0.492117792 2.117187262
C -0.683763027 -1.271745920 1.248773694
H 0.610719323 -0.713329017 -1.782532692
H 1.574618697 1.579984546 -2.933732748
C 0.520784557 0.647715867 0.020501386
N 0.790314853 2.002642870 0.116088539
H -0.366144419 -1.876342058 2.102496624
C 0.755292833 0.259706497 -1.330276012
C 0.129832715 -0.004214180 1.173534274
