18

H 0.965271771 -2.217825413 -0.587247610
H -2.456118107 1.147413731 0.320031643
H -0.738121808 -0.556725025 2.282015324
C 1.305826426 0.359557897 0.796129048
H -2.078587294 -0.625949621 0.165673986
H 1.520426273 -0.358694434 1.569213271
H -1.115681529 1.219933867 2.497289419
H 1.758798957 1.028202653 -1.934731603
H -0.000809952 0.974528074 -2.260712385
H -0.647874832 -1.737697601 -1.191405654
O 0.963536859 -0.898866951 -2.234656096
C 0.840723336 0.457330704 -1.790986776
C 0.382024199 -1.410262942 -1.028198123
C -1.001263380 0.381312966 1.819504261
C -1.809131145 0.334899485 0.579070091
N -0.309834719 0.679499447 0.573225558
C 0.531761467 -0.027271915 -0.366539031
H 1.889053702 1.250615358 0.792324960
