17

C 1.076924443 0.114427544 2.593769312
C 1.133055210 -1.389328957 -0.725488603
H 0.915819824 -0.744409859 3.260907173
H 0.410243779 0.918698370 2.905650616
H 2.116155148 0.444079340 2.728055716
C -1.701272726 0.955451906 -1.077430367
C 0.130369812 -0.507701397 -0.967044592
H -1.406713724 -0.674827754 -2.531642199
O -0.993886352 1.216292977 0.162857056
C -0.052441955 0.234679654 0.242672428
H -0.262509793 0.655013978 -2.745130301
H 1.663098931 -2.132890224 -1.283668160
H -1.947266579 1.925526738 -1.507752299
C -0.794816375 0.052135516 -1.995645285
C 0.803461969 -0.240481079 1.176547408
H -2.631629705 0.424930066 -0.826408446
O 1.541408181 -1.251597047 0.589750707
