18

C -0.119446017 1.596778274 -0.954690814
C 0.722906530 -1.783385038 0.617520869
C 0.668808758 2.734926462 -1.554682136
H -2.035709620 0.011625750 0.731467247
H 1.654768109 0.384038925 -0.721643209
H 1.176589727 1.253501534 0.728416562
H -0.025270274 -3.615168810 1.353943706
C -1.254389048 -0.737821639 0.779945850
H 1.749532342 -2.086700439 0.452721626
O 0.422130972 3.914971828 -1.406889796
H -0.924209237 2.020892382 -0.353522927
C 0.780223072 0.670479536 -0.109494641
N -0.200004935 -2.662777662 1.116624355
H 1.542920589 2.412062407 -2.157881021
C -1.412186623 -2.027010441 1.226546884
H -0.565284729 1.021998644 -1.767910242
H -2.281400204 -2.537650108 1.625290394
C 0.100020841 -0.570761204 0.394236982
