14

N -0.897133827 0.109379627 -2.434421062
H 0.314213753 -2.590572834 1.454762936
H 1.057887793 -1.103289127 2.039472103
H 0.816844523 2.735845089 1.190021396
C 0.183703125 -1.585292101 1.627971172
H -0.598544419 -0.800046086 -2.666506529
O 0.714741886 1.804328203 1.355595469
H -0.635772049 -1.366484046 2.301634312
C -0.038866434 -0.105362862 -0.085486554
N -0.094148815 -1.328357816 0.274441034
C 0.282476336 1.221767068 0.265607923
N -0.015347728 1.710649967 -0.920373678
H -0.726655364 0.807455003 -3.125583410
N -0.363398761 0.489980280 -1.277135134
