19

C -0.463317990 -1.003258348 -0.436995804
C -1.668900371 0.746297777 0.088664494
H -1.590228081 1.720934629 0.566580474
H 2.281790257 1.702953219 0.320283502
H -1.023135185 -1.775524378 -0.977787733
O 0.001103223 -0.103123769 1.692906499
H 1.673105836 -1.417288780 -0.846359730
C -1.097683191 -0.467614770 0.866398931
C 1.458832979 1.038117528 0.093084067
C 1.237310529 -0.190174773 0.926067889
H 2.032774448 -0.365853906 1.646806836
C 0.612069428 1.285364509 -0.919175148
C 0.957334936 -1.366728306 -0.024517896
H -2.701947927 0.563925683 -0.239596948
H -1.792455912 -1.093868613 1.432322383
H -1.031684875 0.485894650 -2.060813904
H 0.973891258 -2.320860624 0.523879588
C -0.633068323 0.455730438 -1.041993737
H 0.774209082 2.105077982 -1.609753609
