14

H -1.674451590 -2.810323477 0.147760868
H 2.733573198 -1.992721200 -0.453282446
O 0.968343616 1.836314321 -0.056629330
C -0.615830958 0.189359084 0.100629434
C -0.773600817 -1.189835310 0.105359994
O -1.925617933 -1.878246069 0.222623721
O 2.671875477 -1.040582657 -0.361320108
H -2.160747051 1.700477362 0.267422438
H -0.321968228 3.453536272 0.086085007
N -1.198014379 1.500619411 0.152447447
C -0.226902857 2.380644798 0.064905271
C 0.750850439 0.428938419 -0.040270343
C 1.353638887 -0.789674342 -0.153147385
N 0.418852389 -1.788506866 -0.082584575
