17

C 0.397343069 0.437122315 0.642692745
C -1.649561286 1.203353047 1.118731499
C 1.146735668 -1.259208798 -1.049528003
H 2.124614954 0.640963793 -0.554198921
C -0.267427534 -1.147593498 -1.566620827
H 2.273702621 -0.593848228 0.696219802
H -2.249460220 -0.429647803 -1.323976517
C -0.895080090 0.380392581 0.203547552
O 0.499878794 1.213382721 1.760260224
C 1.573494554 -0.163645446 -0.039786011
H -2.712036371 1.416740179 1.090391517
H 1.259084940 -2.254563093 -0.602311790
C -1.228995204 -0.426041543 -0.956944823
H -0.847330213 2.297840357 2.896626949
C -0.759990036 1.677229404 2.032767534
H 1.843559742 -1.256123781 -1.896587849
H -0.508533180 -1.736352205 -2.451283216
