15

C -1.974271178 2.331561327 0.776057482
H 1.036870480 1.230399609 0.579158545
C 0.923743963 -1.189063907 -0.983299077
H 2.005076885 -1.030679703 -0.985043287
C -1.017584562 1.617935538 0.593199670
O -0.200829804 -0.588584185 2.423040390
C 0.166206092 0.148769975 -1.101287007
C 0.091613404 0.718424618 0.345677704
C 0.562652647 -1.732800364 0.384738088
H 0.698700726 -1.902120590 -1.785325527
H -2.812711477 2.963494539 0.967928708
H 0.653170109 0.853395939 -1.787664294
H -0.845985293 -0.033111088 -1.472784042
C 0.074239671 -0.531217277 1.254185557
O 0.639108300 -2.856405020 0.791417420
