17

H 3.185273170 0.458167464 2.117166758
N 3.015711069 0.605984032 1.136298656
C 1.689494967 0.294438094 0.756149232
H 1.345691442 1.453988910 -1.128140807
H 3.283152103 1.538512349 0.880938590
H -2.372168064 -1.625546455 -1.164716244
H -3.066380501 -0.287943900 -0.257215679
O -1.167995691 1.007688999 -2.341797829
H -1.093888521 -1.234048486 0.973329127
C 0.864131808 -0.606159270 1.413030982
C -1.306515098 0.260604411 -1.393021464
C -0.234666884 0.126004651 -0.413324326
H 1.000450730 -1.164573550 2.319896460
C -2.582330704 -0.554271579 -1.191672325
N -0.303349584 -0.671518207 0.702476561
C 1.010696292 0.753731191 -0.379932970
H -3.267307043 -0.355058372 -2.029465437
