17

H 1.310869694 0.646645844 2.652673006
C -1.160773158 -2.576999664 -0.365474641
H -0.975858986 -2.606788635 0.718110204
H -1.693508744 0.921216369 -1.981945038
C -0.181697682 1.991703510 -1.075941563
H 2.575797796 0.101941980 1.555750966
H -0.245139733 -2.927111626 -0.860343993
C -0.804964066 -0.280888021 -0.601978779
N -1.548787355 -1.256950736 -0.813734233
H 2.348174095 1.837334514 1.833307624
C 0.886773705 0.951185882 0.595070183
O 0.205272183 -0.219862312 0.351369590
H -1.970014215 -3.274722576 -0.598104358
N -0.942992747 0.903599083 -1.309637547
N 0.711243510 2.048002005 -0.107612640
C 1.830561638 0.885524631 1.725721478
H -0.344955742 2.856169701 -1.717229962
