17

H 0.648249626 2.024539948 0.395755172
C 0.622237802 0.277712405 -0.997536600
H -0.601879954 2.150420904 -0.931169391
C -0.516287446 -0.548734725 1.403724074
H 0.294811398 0.109148405 -2.012504101
H -0.495699137 0.100621670 2.272976875
H 2.133700132 -1.267753363 -0.875170350
N -1.852655172 -1.010465384 1.017535448
H 2.287940979 -0.008782823 0.360571831
C 2.027962446 -0.191691726 -0.692759454
H 2.755135775 0.328664601 -1.309024215
C -1.870905042 -0.383112967 -0.213554785
H 0.209377497 -1.358766079 1.521607637
C 0.050890800 1.513489127 -0.349238247
O -2.675381899 -0.334950268 -1.106454134
C -0.467937261 0.153036654 0.024143357
H -2.549560308 -1.553375959 1.491096616
