19

C 1.652502179 -0.611326516 1.521844864
H -1.061818123 -0.725384116 1.437341452
H -0.350885421 1.921694517 0.929708362
C 1.368694782 0.529202342 0.671930254
H -0.297834665 -0.298377454 -2.716216087
H -0.485988259 -1.684910417 -0.704177260
C 1.888503075 -1.525585890 2.280147076
C -0.092022218 0.978140116 0.454746902
H -1.551416516 0.808918297 -2.135770798
C -1.206616521 -0.090392441 0.579230428
C 0.287755817 0.998358428 -1.057121515
C -0.726163626 0.160978332 -1.818349957
H 0.502655089 1.973073959 -1.521724820
H -2.182017088 -1.305448294 -0.999856770
H -2.176660061 0.414523423 0.699509263
C -1.204517841 -0.861344218 -0.771002471
H 2.015484571 1.364500046 0.971062422
H 2.100757599 -2.327501774 2.939379930
O 1.519586444 0.280881673 -0.760680974
