15

C 0.772334158 0.453573257 -0.671852052
C -0.609292924 1.063685656 -0.628912687
O 1.231526136 -2.028645277 -0.336593926
H 0.521303177 -2.543597698 -0.745189011
H 1.139298320 0.734455884 1.551180959
C -1.388372898 0.150028467 0.295069814
H 2.570055008 0.089097030 0.598991990
C 1.505387664 0.230979875 0.659162998
H 1.366281152 0.518666625 -1.574648976
N -2.548306704 0.370991737 0.729542196
C 0.670310736 -0.848082900 0.076098613
H -2.866433859 -0.364023834 1.345651150
O -0.651840270 -0.984459698 0.562547028
H -1.089507461 1.068606257 -1.609206438
H -0.622741938 2.088724852 -0.251841515
