17

C -2.000340223 -0.509144545 0.085479222
H -1.458487630 -1.946728587 -1.225617766
N -2.402449369 0.205501273 1.018861890
H 2.271714687 2.271397591 0.890311301
C 0.929834545 -0.290193319 -0.418180376
O 1.160893679 1.070806026 -0.298304409
C 2.399206161 1.361611605 0.302689046
H 2.774600029 0.565543950 0.965765059
H -3.189743042 -0.047912251 1.715448260
H -1.941165328 -0.436669856 -1.949891210
O -0.010711851 -0.500587642 -1.422629833
N -3.106420755 -0.884590864 0.573184490
C -1.334495068 -0.869888246 -1.168945789
H 1.849765182 -0.786401808 -0.748800397
O 0.544647515 -0.769864857 0.813973784
H 3.126326799 1.541533113 -0.462513983
H 0.386825591 0.025588771 1.329170704
