20

H -1.808175683 -0.130984977 1.139357805
H 1.613938570 1.174633861 -0.937324286
H -2.095544815 0.402669430 -0.524244606
C -0.054268580 -1.490264416 -0.831256807
C -0.018324748 -0.095010541 -0.162466168
O -1.152057886 1.763929248 0.717637777
C 0.370187521 -2.110689878 0.526295245
C 0.828201592 -0.706984282 0.994921446
H 1.126121044 -2.890394688 0.493088752
H -1.003294110 -1.813771367 -1.270345211
H -0.481459171 -2.482429504 1.097733498
C -1.376914740 0.433057368 0.303643376
H 0.725510418 -1.591920853 -1.587380290
H 0.582642317 -0.385467708 2.009380341
C 0.520583570 1.148993731 -0.881391108
H -0.421910584 3.129092216 -0.659350514
H 0.683757365 2.704233885 0.666771591
H 1.899404168 -0.549550295 0.843465269
H 0.121277303 1.187394857 -1.903730392
C -0.059673339 2.303464651 -0.034806151
