20

C -1.809404492 0.235997587 -1.044728994
C 0.261667222 0.627538443 0.092808366
H 1.560392618 1.965885520 1.255786300
H -1.684446335 -1.935426712 -0.685133934
H -1.670692682 0.919346213 1.027086020
H -1.658175468 0.712689996 -2.015765190
H -2.887220144 0.111380316 -0.916785657
C 1.192033529 0.932531655 1.251464844
N 1.388691425 -1.534972787 -0.245218575
O 2.372588873 0.104662098 1.159051299
C -1.030041337 -1.118179917 -0.988520443
H 0.748243749 0.950847447 -0.827617943
H -0.217363119 -1.263138771 0.999567509
C 2.349571943 -1.007441521 0.381533533
H 3.351639748 -1.448434353 0.357711375
C 0.115736410 -0.898368955 0.016327400
C -1.187515259 1.120711446 0.066654816
H 0.712596893 0.727761090 2.209020615
H -1.294410825 2.192180872 -0.130725697
H -0.613893032 -1.395569801 -1.962515235
