17

C 1.154035926 -0.996229589 -0.062949881
H -0.796511471 -1.935941100 0.148735002
C 0.035215687 -1.918685317 -0.556578159
C -1.231792688 1.413253188 1.005618811
N -1.139190793 1.723837733 -0.349251211
H 1.939971924 -0.955017686 -0.819268703
O 0.229352653 1.088111997 -2.110845566
H 1.639387369 1.048237205 0.351936787
C -0.048746284 1.116090655 -0.940820754
H -0.342968762 -1.581382632 -1.517885327
H 1.595745444 -1.406317949 0.841295719
C -0.192706600 0.672204733 1.400446177
H -0.035041291 0.276465476 2.382967234
H -2.086107016 1.755521774 1.566250682
C 0.726494312 0.449021876 0.228541777
H -1.851426601 2.186640501 -0.901482224
H 0.404288054 -2.935810328 -0.666710198
