16

H -0.335604817 0.744984508 -2.290163517
C -0.989194632 -1.425317407 1.539027929
H -0.370393842 1.270677686 0.824795008
H -2.222709894 -0.468673199 -0.178547993
C 0.244443327 -0.550329745 1.785608530
H -1.622900486 -1.980549932 2.220076323
C -1.266040683 -0.661341369 0.303779274
H 1.276167393 -0.634362102 -0.926237047
H 0.261116356 2.218391180 -1.522275448
C 0.990911782 0.381399363 -0.603560507
O 1.073917270 -0.477110833 2.651422262
H 1.326783657 1.269387722 -2.562129498
H 1.896540284 0.824631512 -0.162356466
C -0.056530438 0.277656287 0.493953645
C 0.540024281 1.198468089 -1.810881853
O -0.746529222 -1.987912178 0.237489611
