18

H -0.977730393 2.100791454 0.868012130
H 2.253997326 -0.243604764 -0.211651176
H -1.305904865 -0.372753024 2.068448067
C -0.793371499 1.102316260 0.466062874
H 0.949645519 2.018365860 -0.642196774
O -0.321074575 -2.111991405 0.438352793
C 1.173504949 -0.217917144 -0.206212237
H 1.182511926 0.201948881 -2.365677834
H -1.124099851 -0.152300984 -2.555525780
H -0.857047439 -1.819144726 -0.303201586
H 1.149526477 -1.409827113 1.596567392
C -0.449153006 0.085024916 1.576450348
H 0.153536171 0.588329732 2.340574026
O -0.664311886 -0.688103795 -1.891524553
C 0.416075498 1.093563795 -0.471055627
C 0.421910793 -1.003489852 0.893143773
H -1.703505278 0.801044285 -0.071165502
C 0.495489657 0.027747467 -1.529400587
