17

C -0.308493704 0.593686461 0.731231153
H -0.671134889 -2.265610456 -2.277643442
N 0.052272163 -1.568311572 -2.157997131
H -0.090070553 1.030697346 1.688139200
C -1.387502313 0.886834502 -0.062538013
N -2.480519056 1.720120072 0.085056156
C 2.210424423 -0.563485503 1.553446770
C -0.223426387 -0.657309234 -1.145047426
H -2.846123934 2.037016630 -0.794256687
H 0.204399258 -1.118824363 -3.058783531
H 1.550110698 -0.861930430 2.383596420
O 1.650480509 -0.930540085 0.306031615
O -1.371983290 0.136050224 -1.191541433
C 0.458678603 -0.379271716 -0.001696704
H 3.161602974 -1.092215896 1.640256286
H -2.294242144 2.515262842 0.694976211
H 2.385528088 0.517830729 1.606770635
