14

C -2.719804049 1.157494068 1.457692742
N 0.982307971 0.187669158 0.716450036
H -3.440339804 1.143112779 2.219706774
C -1.877951741 1.156543970 0.585920215
C 1.921555161 -0.757923365 0.760972559
N 2.110884905 -1.719603419 -0.145238742
H -0.401464194 2.155220509 -0.493675828
H 2.599521399 -0.733736575 1.609506369
C -0.888035595 1.172471762 -0.485236347
N 0.273279965 -0.797266722 -1.323681951
H -1.379601717 1.041331530 -1.460502982
C 0.193967506 0.124081843 -0.357319057
C 1.260210514 -1.684108853 -1.155323267
H 1.365470648 -2.445287704 -1.929270148
