19

H 1.546396494 -2.239605188 0.540059030
O 0.581676841 -0.365966588 -1.947093725
H -1.341693997 0.087556630 1.473845840
C 1.335822225 -1.362622738 -1.430304289
H 1.987442613 -1.858452201 -2.125932217
N -0.392277330 -0.242518067 1.509396434
H -1.401367903 3.176735163 -1.413744211
N -1.077926517 1.146722317 -1.173936963
H -1.733368397 0.934473217 -1.910643697
C -0.175344855 0.142144144 -0.917069972
C 1.085297942 -1.508519888 -0.109748676
H -0.391777903 -2.177682877 2.385550976
H -0.594462574 -0.806954741 3.491683245
H 0.086593159 2.619818687 -2.206789494
C -0.094518863 -1.141654849 2.588645220
H 0.037107445 2.767760038 -0.453733772
C 0.116030671 -0.521909237 0.247564733
C -0.559614241 2.493849993 -1.329541445
H 0.985984862 -1.143173933 2.781792402
