20

C -2.093710423 0.050232746 1.325018406
C -0.869146109 0.559534967 0.586094379
H 2.204354286 -1.984956503 -0.804553807
C -0.846169233 1.962967992 0.131414518
H 1.041268110 0.775323331 -1.470443130
H -2.807455778 -0.410672933 0.633281529
H 1.871661305 0.398677081 0.036221676
H -0.692032278 -0.971765697 -0.911843240
H -2.586444139 0.873216271 1.844249368
H 1.436963320 -1.539990425 -2.331085920
H 0.787210464 -1.284404516 1.467870474
H -0.258171350 2.252710104 -0.740146399
C -0.049300134 -0.534718871 -0.126721457
C 1.253600240 -0.028918870 -0.758872032
O 0.194643453 -1.613997817 0.775630295
O -0.094710410 1.540108562 1.283952594
C 2.018505096 -1.152378798 -1.480858088
H -1.693532228 2.609819889 0.349887908
H 2.982744455 -0.792165577 -1.866117835
H -1.800278425 -0.708621144 2.057020664
