16

C -1.115336537 0.550008297 0.554893494
C -0.060753576 -0.506201208 -1.318460703
H 1.964573145 -1.667733192 0.341082245
H -0.034426063 -0.015528604 -2.300360918
C -1.403660178 -0.185962290 -0.646778882
H 2.754489183 -0.081404559 0.547824085
H 2.703492880 -0.844931483 -1.056210399
C 0.331972748 0.712298989 0.669698834
H 0.046904322 -1.584567308 -1.486939669
C 2.157104731 -0.689131618 -0.131914690
O 0.956710458 1.317197442 1.515025496
N -2.020454884 0.948751211 1.465035200
H -1.719192863 1.628583670 2.138604164
H -2.996308327 0.898707926 1.214817166
O -2.495159864 -0.503044963 -1.101507545
N 0.930044293 0.022957813 -0.404808193
