21

H -0.783957779 1.118016362 -2.199618816
H 0.035526954 2.239880562 -1.078129768
H 2.476076126 -1.707858324 0.151445597
H 2.308940172 -1.021547318 1.788015008
H 0.052839383 0.796104789 1.981640458
H -0.160681397 -1.997872472 1.406771064
C -0.180593491 -0.911517560 -0.613543689
C 0.349815696 -1.232990026 0.818127930
H 2.223344564 1.201279640 0.345366061
H -2.648062706 -0.294436663 0.942660332
C -2.356011868 0.464587539 0.211250022
C 0.892992496 0.123486467 -1.137722254
C 1.531255960 0.354728520 0.247554049
C 1.878919244 -1.050544381 0.782506764
C -0.901664138 0.392866731 -0.122348510
H -2.616477013 1.440644264 0.648084641
H -2.989004612 0.321801037 -0.674604118
H 1.555997849 -0.095717765 -1.969779849
C -0.225373417 1.193243980 -1.252692938
C 0.167127669 0.298797190 1.023569465
H -0.611010015 -1.632952571 -1.298551679
