20

H 3.538583040 -0.043968651 0.617476881
H 1.288864136 -2.278201580 1.035313368
H 0.127077952 -0.330115020 2.029519081
H 0.647084475 2.818247318 -1.433994412
N 1.886065841 0.482906967 -0.091323480
C -0.349030405 1.028618574 -0.793911636
C 0.046856768 2.000676155 -1.856157899
H -2.489448786 1.068657160 -0.880789876
H -0.358698905 -2.721935272 1.525359750
C -1.590783358 0.675178349 -0.423927665
H 0.007187924 -2.451480865 -0.177598089
C -1.624384165 -0.321984529 0.708118141
H -2.149382353 0.093267351 1.571820974
C -0.130468965 -0.623401403 1.005931258
H 0.669127047 1.518481374 -2.629765749
O 2.629659414 -0.284873605 0.823511362
H -0.835406125 2.428636074 -2.340105057
H -2.161171675 -1.238343835 0.433635324
C 0.223820820 -2.112414837 0.835250020
C 0.624447286 0.292050272 0.041637629
