16

C 0.898904502 -0.052989680 0.037894297
H -2.474434853 -0.436579257 -0.351583958
C 2.010719061 0.872589886 -0.098211490
C 0.779662549 -1.104128003 -1.106141090
C -0.514873743 0.622435033 0.102555424
H 1.393187046 -1.976376772 -0.905596077
C -0.860655606 1.088467598 1.445692658
C -1.398891091 -0.461965114 -0.477450520
H 1.112866282 -0.682302117 -2.066075802
H -1.377069592 1.774792314 3.525342703
H -0.525549710 1.483750820 -0.585333407
N 2.892317772 1.602705956 -0.235199779
C -0.697417200 -1.381111145 -1.142893791
H 1.022758842 -0.586538494 0.975350797
C -1.136984110 1.455219150 2.551081896
H -1.124540210 -2.217970133 -1.669431686
