17

H -0.762811184 -1.961907029 -0.858164608
C -0.369774461 2.034040689 -0.600061297
H -0.945858240 0.559088230 -2.148388624
C -0.418044984 -1.491769433 0.077871427
H 2.663228989 -3.137301683 1.363020658
H 0.846294403 0.725689113 -1.986440301
H -2.059297085 1.156862140 0.978385568
C 1.785895109 -2.671907902 0.982559860
H 0.751396179 0.661848903 1.852763653
C -0.270448804 -0.005065239 -0.144387797
H -0.689581275 2.989074230 -1.012099981
C 0.786045253 -2.152913570 0.547098160
O 0.814891815 2.116975546 0.235769421
C 0.312760830 0.963662267 0.911002517
C -0.111339457 0.764221013 -1.462914944
C -1.107209921 1.133222103 0.460654140
H -1.226147294 -1.683818698 0.803331971
