17

H -0.915305078 -2.752683640 -2.295838118
N -0.610412836 -1.150704384 -1.374872684
C -0.201528728 0.802819729 0.206515312
H 0.865047574 0.773220539 2.270010710
H 0.618053555 2.726851940 -0.274131566
H -0.481870174 -1.830693245 1.813746214
C -0.022973964 -1.110608697 1.141941309
H -2.071243525 1.348069310 0.125975043
C 0.626857340 0.217794910 1.374603868
N 1.438430905 -0.930366158 1.108910441
C -0.410128444 -0.658108830 -0.232123241
C 0.421356916 1.776026726 -0.772789001
O -1.382842422 1.327565074 0.795270324
H 1.806654215 -1.337612510 0.274806678
H 1.341660261 1.384011030 -1.175859690
H -0.261186957 1.956853509 -1.601944089
O -0.760568440 -2.542433739 -1.384221196
