14

H -2.281682968 -0.697169542 1.434589267
C -0.428933471 -0.331881404 0.295790821
O -0.177238300 -0.392963231 1.678058624
H 1.573014736 0.772781670 1.186253667
C -0.476845026 0.922653794 -0.576053917
H -1.236640930 -2.190981388 1.149000645
H -1.151526332 1.772484541 -0.559457004
C 0.525428772 -0.596725523 -0.875612080
H 1.477780104 1.297419667 -1.581039906
O -0.508933902 0.030092232 -1.758114338
C -1.317708492 -1.105631828 1.128872871
H 0.993646502 -1.517025948 -1.241895676
C 1.092211246 0.851054847 -0.671236038
O 1.917428017 1.185891867 0.390843153
