17

C -0.363630712 0.751488090 0.675022900
H 1.494546771 -0.314970344 -1.501384735
C 1.100085258 -1.465005159 0.936708450
C 0.153331533 -0.584882915 0.163329542
H -0.118174382 1.156625271 1.654610991
H 1.093784213 -2.487817287 0.546360552
H -0.608297765 3.287578106 -1.392346859
O -0.146779314 0.932492018 -1.628748894
H -1.584266186 -0.909339607 1.505660295
H 2.129131079 -1.093554378 0.872997344
H -0.031550314 -1.092239976 -1.961160302
H 0.831496656 -1.508561611 1.994179010
H -2.063257694 -0.425179660 -0.188829780
C -0.401234984 1.649094939 -0.493297517
C 0.425106645 -0.346182883 -1.304577351
C -1.284187794 -0.445644885 0.576215625
N -0.626103222 2.896100283 -0.454739302
