18

H 2.033651352 1.379482985 -1.018376350
H -0.319204628 2.037939548 2.594989538
H -0.134556085 -0.364403933 1.911859274
H -1.326348543 -2.827569246 -0.836023808
C 0.400668889 0.411007196 1.335108757
O 0.124823347 -1.085914612 -2.054381132
C 1.332252502 0.564340889 -1.125770926
C -0.293515861 1.766472459 1.536377549
H 1.499807119 -0.088987872 -3.272504091
C 0.467335135 -0.001540375 -0.112668939
H 1.414566875 0.463810414 1.748583317
H 0.218366742 2.559818983 0.984432518
H -2.345663548 -1.427565455 -0.388250113
H -1.220862627 -2.116122007 0.800827444
H -1.332869887 1.725521564 1.171684504
C 1.094287872 -0.139803350 -2.269241095
C -1.348733187 -1.880119085 -0.270528138
C -0.264005154 -0.976367831 -0.736117780
