17

C 1.018564701 0.657324374 0.475505471
C -0.362488210 0.620594144 1.194994092
H 0.277151495 -1.973641872 -0.323436677
C -0.629457414 0.009759969 -1.163646817
H 2.141905308 -0.725888968 1.136842489
N -1.471893907 -0.941659451 -0.422913641
H -2.346515894 -1.062330961 -0.924640656
H 1.223601580 1.689787507 0.166355908
H -0.538869917 1.523845911 1.784678459
C -1.353706956 0.453202397 0.057607528
O 1.127995968 -1.563071728 -0.524220884
O 2.103362083 0.234193563 1.260743380
H -2.237822533 1.075927496 0.005235079
C 0.842899084 -0.193635464 -0.812403560
H -0.919281602 0.303796977 -2.171112776
H 1.523979425 0.134037226 -1.603268266
H -0.399424225 -0.242240846 1.863680720
