15

N -0.846017659 -1.935979009 -0.990110636
C -0.203154385 -0.269983798 1.642829061
C -0.000820622 0.166800365 0.213981152
C 1.467435241 0.281322211 -0.263403982
C -0.956668973 1.277009368 -0.201472417
H -1.993067145 0.959186912 -0.059788700
H 2.216345310 0.075153083 0.505997837
H 1.708560705 1.171616077 -0.833667219
H -0.487457156 -2.629288673 -1.633272886
H -0.792960405 2.179026127 0.396806329
H -0.829864979 1.531811595 -1.253007293
H -1.268663168 -0.386221319 1.927319050
C 0.010448234 -1.063792944 -0.720137477
O 1.289759755 -0.874857843 -1.143992662
O 0.686125457 -0.481802195 2.411919594
