13

H 0.455248892 0.279734015 1.675879359
N 1.396674752 -1.342737675 -0.669083357
N 0.602681220 0.177863702 -2.019615412
H -1.010466099 -1.287642360 0.397856027
H -1.573164225 0.071566194 -0.620262563
N 2.224335670 -1.189223766 -1.663003087
N 1.731507659 -0.272891611 -2.500931263
C -0.737675190 -0.314080477 -0.025255701
H -0.111904472 1.636284351 0.677120388
N 0.392385215 -0.503935754 -0.916721344
C -0.403845102 0.658645153 1.110110521
H -1.385832429 1.325755358 2.653423786
O -1.579945326 0.760662973 1.900482416
