18

C -0.644508481 0.101556011 0.123923928
N -1.968232274 0.968471169 1.639006853
C 1.106412649 -1.586460352 -0.508370042
C 0.486349672 -0.209271699 -0.813120723
H 0.348289520 -2.372908592 -0.518798292
H 1.873611927 -1.850542426 -1.251315355
C -0.745252669 1.103730679 1.073046327
N -2.671734095 -0.059091676 1.155527234
C -1.868612885 -0.592220724 0.233780280
H 2.338025093 0.661369503 -1.530738831
H -0.065949179 1.887897372 1.378262043
H 0.074569076 -0.258340418 -1.822814703
H 1.136690974 1.863678694 -1.041080356
C 1.559463143 0.881197810 -0.801343441
H 2.052547455 0.959084809 0.172561809
H -2.371387005 1.547930002 2.359773874
H -2.211053133 -1.452366233 -0.329984158
H 1.570769787 -1.593713999 0.481684178
