17

H -0.022436108 2.120691538 0.731332064
C -0.399931520 0.238043085 0.909087837
C 0.532900870 -0.873992920 -1.266793013
H -1.253806353 -0.396035701 0.651859999
H 0.892599702 0.623216093 2.600894928
C -0.020017749 0.047883645 2.383401871
H -1.428557634 -0.032797389 -1.794007897
H -0.059428461 0.764504075 -2.571892738
H -0.824132800 0.398449749 3.022076607
C -0.448697954 -0.205094770 -2.238040447
C 0.779514432 -0.031396627 -0.039947197
H 0.126005292 -1.844138145 -0.951220870
O -0.818359137 1.580196619 0.669618785
H -0.585849702 -0.823055804 -3.132483482
H 0.181843027 -0.999014795 2.594146967
H 1.496250153 -1.063437700 -1.747350097
O 1.852103949 0.495979309 0.179317564
