13

C -0.329764128 1.172780156 1.044075489
C -0.840044200 1.816171646 1.915525198
O 1.002079368 1.123226643 -0.915003181
H 1.685009480 -1.335741878 -0.124837741
H -1.289185286 2.401114941 2.680714369
C 0.276731312 0.382657468 0.020369498
O -0.300794065 -1.148215890 -1.843859792
H 0.654095709 -1.355875373 1.395380259
H -0.913396955 -0.584817827 -2.345463514
H -1.422178507 -1.115187526 -0.051805880
C -0.453248233 -0.870861053 -0.483664483
H 1.155336380 0.529757023 -1.668398976
C 0.775358796 -1.015008688 0.376968861
