17

H 1.631599665 -1.625257969 1.899737000
H -1.202539206 1.976358891 -0.450303465
C 1.365378380 -1.005687714 1.054454684
H -1.597880006 -1.373231411 1.832848310
H 1.977268457 1.491739154 -0.860815823
C -1.238202333 -0.729253948 1.035524249
C 2.333562851 -0.461629838 0.127174094
C -2.135345936 0.071874522 0.150362775
H -1.447463632 0.876646817 -1.798291445
C 0.082820065 -0.561009824 0.672117352
C -1.159041643 0.916196525 -0.739453793
H -2.830743313 0.707246423 0.716104865
C 0.175774619 0.336926222 -0.441567481
O 3.523111105 -0.631611466 0.092169181
C 1.554756165 0.470573068 -0.907813251
H 1.742361903 0.118878298 -1.917509913
H -2.775417089 -0.578757644 -0.464737475
