18

C -1.357583642 0.620713055 0.266510814
H -1.543992043 -0.263983816 2.303927898
N -1.301726341 1.655846953 1.326419473
H -1.947067618 2.408133507 1.111758947
C 0.272001833 -0.327233374 -1.544046760
H 2.128928900 -1.487608194 -2.231062412
H -2.021036625 0.801836312 -0.578367114
C 1.720429063 -0.814660251 -1.476904154
H -0.396471620 -1.091829300 -1.962903023
H 0.936241567 -0.244774595 1.799433827
H -3.099539757 0.409602970 1.623656988
H 2.826551199 -1.547166824 0.364699334
C -2.008906364 0.395446450 1.583074570
H 0.181117594 0.557922781 -2.202778101
C 2.114672899 -0.858786166 -0.056881372
O 2.635352135 0.151591897 -0.951468647
C -0.067210011 -0.009170890 -0.100971401
C 0.928238392 -0.355880409 0.725901008
