19

H 2.572862148 -0.284152985 -0.461818755
C -1.685929060 1.118061662 0.624067187
H -1.082940936 -3.054859161 -0.627731204
C -0.213525161 1.020553827 0.412184268
H 2.919797182 2.121918201 0.230810985
O 1.036409378 -1.944875240 -1.457492232
H -1.467698693 -1.904432058 0.655597329
C 0.505845904 -0.087203301 -0.106802367
C 0.174066514 -1.339820862 -0.584879637
H -2.076144695 0.343516171 1.296793103
H -1.919432402 -1.553869486 -1.007261276
H -2.255916595 1.035495996 -0.315974563
N 1.850132585 0.334315270 -0.169587046
C 1.968178868 1.626640916 0.228172854
H 0.496602982 3.044188261 0.994029403
H 1.542075872 -2.630125761 -1.004010797
C -1.148973942 -1.996573210 -0.379343063
C 0.724911451 2.057755947 0.608705163
H -1.940321565 2.093465805 1.064540982
