13

C -1.044890404 -0.634640276 -1.441708922
H 2.394265175 0.976240218 0.007660392
C 0.189985037 -0.077030800 -1.081358314
H -1.258117557 -0.877354980 -2.472899675
H 0.942419469 0.130101278 -1.813473701
N -2.005434990 -0.885132790 -0.558850169
C -1.675750494 -0.586244822 0.692571521
C -2.607722998 -0.854185522 1.583493948
N -0.564446867 -0.063810639 1.166916013
C 1.661451459 0.793064237 0.800958931
H 1.461766720 1.746382117 1.309533358
H 2.110812426 0.132770419 1.537742853
C 0.395663232 0.199841782 0.269413859
