21

C 1.605050087 -0.009350588 -0.980789125
C -0.459866643 -1.443479180 -0.045130428
H -2.153604269 2.040006876 -2.992771864
H -1.281387448 -1.684206963 2.129199505
C -0.820742428 -1.007126927 1.415533781
H 0.958837926 0.159908265 2.229978800
H 2.304039240 -0.865773082 -0.895990312
C -0.557625592 0.951118112 0.186069593
C 0.476871580 -0.221035674 0.018806402
H -2.295101166 0.708842695 1.625592828
C 0.690776408 -0.613149047 1.512764454
C -1.435766339 0.284318566 1.183607340
O 2.066308022 1.197716236 -1.227774978
H 1.147470593 -0.179041520 -2.015618563
H -0.067219004 1.824802756 0.628437281
C -1.193468451 1.383267283 -1.054067850
H 2.573911428 1.065743208 -0.413105428
H 0.085585050 -2.384801388 -0.074046269
C -1.709027767 1.727265477 -2.075677395
H 1.335598111 -1.480609536 1.619546890
H -1.270639420 -1.454415560 -0.774564862
