15

C 0.375458360 -0.528194010 -0.488346398
H 0.129284441 1.591669917 -1.319641590
H 1.865933180 -1.962257266 -1.139632225
H -1.424414277 -1.455986619 0.066550843
N -0.474728078 -1.287836313 0.437254071
H 1.851203203 0.729747713 0.909126759
H -1.178412199 1.993430614 1.121242285
O 1.240612149 -0.823113084 -2.694199324
C 1.217583537 -1.146398067 -1.531361580
C -0.069093265 0.960849047 -0.464931935
C -1.198310494 1.043430090 0.566269279
H -0.546303570 -0.280370951 2.394905806
H -2.226763248 0.817435980 0.245731324
C 0.863003314 0.423729122 0.581011951
C -0.425053447 -0.076135993 1.316020966
