19

C -1.740913153 -2.979392052 -0.350524217
N 0.429491878 -0.343446970 -0.268829763
C -1.907490492 0.427325636 0.564604402
H 2.125602961 1.614938021 -1.843687773
C -1.423673749 -1.812296152 -0.380744755
H -2.966099262 0.295174062 0.310598850
H 2.976206064 1.980236530 -0.334759921
H -1.246358991 -0.007620318 -1.426762938
C 1.095063686 0.932811499 -0.064359672
C -1.041613102 -0.393160164 -0.414321244
H -1.779964328 0.090968139 1.598399997
C 2.363735437 1.227139473 -0.840585887
H 0.432928383 0.142656416 1.894639015
H 0.463582128 1.816787958 0.073238671
H -2.022799015 -4.001443386 -0.336994708
H -1.680665851 1.496589780 0.502974629
C 1.051148653 -0.090303764 1.027348638
H 2.956212759 0.310721338 -0.965177298
H 1.915606141 -0.707685947 1.254943490
