21

H -0.638891876 0.549060285 2.235850096
N 0.165907174 -1.671965718 -2.983261585
C 0.569653690 -1.333559752 -0.411470741
H 2.501235962 1.126808286 0.190469548
C -0.140971303 -0.295136690 1.743183374
H 0.891367376 -0.339039803 2.089032650
C 0.327084750 1.224938154 -0.241523728
C -0.252254099 -0.156267732 0.220130756
H -0.225920364 1.223006725 -2.122330666
H -0.427808553 1.976108432 0.017361913
H -1.879672170 -0.164332598 -1.257545948
H 0.279970944 -2.265808344 0.074380070
O 0.602135181 1.301134229 -1.635889649
C 0.367200375 -1.502797842 -1.853173137
C 1.565621018 1.549713731 0.470391810
C -1.735525012 -0.246226549 -0.187502846
H -0.647237122 -1.213266373 2.075541735
H 1.517739534 2.093804836 1.377277374
H -2.309668064 0.534779787 0.299499273
H 1.625204086 -1.179216146 -0.218876705
H -2.155171871 -1.211736917 0.118456334
