19

H -2.090206861 1.358597159 1.904497385
C -1.962705493 1.230196953 0.838560164
H -0.702508569 -0.241609991 -1.783140182
H 0.109912321 1.284258485 -1.395726323
C -0.180182904 0.317790657 -1.006476402
H 1.095514178 -2.269531488 -1.549310684
O -2.387251616 -0.022486107 0.294205219
H 2.138747215 -0.319083929 1.495907903
C 1.341318727 0.163904741 0.957080841
C 0.908090055 -0.533130944 -0.298168629
H -2.605316401 2.051512718 -0.691428304
H 2.267153740 -2.178854942 -0.235673621
H -0.180219293 -1.405470610 1.653669596
H 2.444193602 -1.155734777 -1.653618574
C -0.993704140 0.275889963 0.302628458
C 1.714713931 -1.588013530 -0.970356882
O -2.304950953 2.375851393 0.132633761
C 0.037482347 -0.592127681 0.975068450
H 1.349919915 1.248041511 1.029648066
