16

N 0.220973790 -0.488302171 -0.993983030
C -0.719243467 -0.717561007 -0.132487342
H 0.128365368 2.039334774 2.339742422
N 0.251298606 2.237795830 1.366659522
N 1.792546749 1.319883585 -1.316029549
H 2.355610371 0.673956215 -1.829230785
H 1.110355854 2.745541096 1.214918375
H -0.342718691 -3.237655878 -0.378489554
H -2.126280069 -1.954050779 -1.102764726
H -2.459385872 -1.692424893 0.610815823
O -0.802645564 0.206971169 0.866426766
O -1.025879622 -3.078451633 0.270858079
C 0.792059362 0.702480257 -0.588915706
H 2.324908733 1.985670090 -0.772769988
C -1.662463784 -1.866914630 -0.112573408
C 0.162498146 1.123727918 0.557823122
