16

C -0.800673187 -0.922918379 0.300734252
O -2.360699892 -0.096567087 2.007654428
H 0.638129413 -1.559092402 -2.064737320
O -0.680782259 2.278279781 1.994917512
H 0.854447544 1.998057127 -0.251455665
H -1.568426967 -1.523446441 -0.182050645
C -0.498420924 1.319798112 1.310471058
H 1.811125636 -1.252621293 -0.781883240
H 1.630107522 -0.100348562 -2.105601072
H -0.138122231 -1.610002518 0.835527241
C -1.387341142 0.034728587 1.320611835
C 0.584161937 1.084116817 0.264355123
C 1.089440227 -0.781155944 -1.442063093
H -0.675942779 0.435471773 -1.345297813
H 1.480023265 0.725330114 0.785564065
C 0.022974022 -0.029629663 -0.646746576
