16

N -0.525276661 -0.572722197 1.803897977
H 1.812672138 2.312600613 -0.228242144
C -0.005249620 -0.308297545 0.541758716
H 3.010618687 1.079477310 0.173265442
H -0.377881408 -2.007893801 -0.647463799
H -2.286259174 0.390283197 -0.922062159
C -2.074316740 -0.677080333 -0.847734094
C 1.018852592 0.570206583 0.741100371
C -0.566645026 -0.931963563 -0.683246613
O 1.104776621 0.821740210 2.045527220
H -2.441272974 -1.164984226 -1.756870627
C 1.985160232 1.236438274 -0.173046991
N 0.087574795 0.062353726 2.685808659
H -0.030039418 -0.552412271 -1.559708118
H 1.908631444 0.833239853 -1.181651354
H -2.621345520 -1.090986013 0.008667140
