15

N 0.160440221 -1.962442756 -0.945467949
C 0.079503179 1.717622757 -0.922753334
C 0.100363836 -0.669643402 -0.510342121
C -0.251886517 0.906454384 1.315293431
H -0.272993743 2.987490177 0.787073016
H 0.402065665 0.214653552 -2.432508230
H 0.451577872 -2.145736217 -1.885090113
C -0.158325329 1.974275351 0.430840701
H 0.199653253 -2.714280128 -0.291980594
C 0.221782625 0.412361592 -1.386610270
H -0.437454134 1.079016328 2.369002581
C -0.229541868 -1.507604957 1.765524387
C -0.130823374 -0.398662478 0.868437231
N -0.294635862 -2.431640625 2.461683273
H 0.160274222 2.538136721 -1.623101711
