13

H -0.541041970 0.580130994 -2.481477499
H -0.627351880 -1.603174329 3.406826973
C -0.336792439 -1.221655965 2.451120615
C -0.218509361 1.094603300 -0.322128356
H -1.967478275 0.278996438 -1.462817788
H 0.515238822 1.841111779 -0.607163191
H -0.899155676 1.486873627 0.429684222
C -0.870014310 0.311851382 -1.479217052
C 0.390521348 -0.285126567 0.069295496
N 3.003462076 -0.386538506 -0.250487119
O -0.294905037 -0.928385019 -1.023164392
C -0.002323665 -0.807374656 1.378258348
C 1.848350525 -0.361312389 -0.108729765
