16

H -2.556068659 -0.291415781 -0.018226940
H -0.771964192 1.758312821 -1.001452684
H -0.496206522 0.590755463 2.301611185
C 3.023158312 0.248404756 -0.323348850
C -1.483059168 -0.174492314 -0.079688907
C 1.841724157 0.143234640 -0.279460073
H -0.649380565 1.770647168 0.777147412
H -0.307154238 -1.832312584 0.903167009
H -0.441042453 -1.751986384 -1.337494493
C -0.419443756 -0.751002133 0.905517280
C -0.661609352 1.144479394 -0.115567215
H 4.084134579 0.331835240 -0.379277974
C 0.410514086 0.011766253 -0.191244259
C -0.556451857 -0.670132458 -1.220205784
H -0.659659326 -0.164241523 -2.176068306
O -0.357490599 -0.363852739 2.234592676
