18

C 0.652161479 0.853980601 -0.672980070
H -1.128694892 -2.679694653 0.452123493
H -1.827428460 -1.951139092 1.912213922
H 1.143581033 -1.520003915 1.268892050
C -1.616018534 -1.789813042 0.848850846
C 1.041865110 1.747926712 -1.799114466
H -1.397585154 0.180812135 -1.374221206
C -0.732714295 0.300482094 -0.519356072
O -1.382295966 0.704312563 0.710638225
C 1.403454781 0.427691013 0.365633219
C -0.742500901 -0.583164275 0.670970738
H 0.652733207 -0.192998469 2.313689947
H 0.411278278 2.648608446 -1.812332749
H 2.086529732 2.066301107 -1.731166482
H 0.908965647 1.244853616 -2.766307354
C 0.666043341 -0.528427422 1.265699863
H -2.566509962 -1.660840154 0.324380636
H 2.427135468 0.731113434 0.542385101
