17

H 0.498823673 -3.440412998 0.579444826
H -1.510770917 -0.945532501 -0.938647866
H 2.785050631 -2.109627008 2.049405098
H -1.297339559 2.847707510 -1.104608178
C 1.901037335 -2.202646971 1.431797147
O -0.782740235 1.415935636 0.318838626
H -1.090827227 -2.545940161 -1.026534796
C 0.870243609 -2.436205149 0.667436838
N -0.748623788 -1.599948168 -0.963509977
H 0.198759228 0.843360484 -1.415579438
H 1.194191098 1.664104819 -0.171560988
C 0.215737045 -1.415282249 -0.043402489
C 0.367925465 0.971409917 -0.335117638
O 0.777794063 -0.239804506 0.226995245
H -0.301334053 3.440909624 0.236828536
C -1.093454599 2.742577553 -0.032441117
H -1.984471560 3.009395123 0.520656168
