19

H -2.249435902 2.490875959 1.281560421
C -0.439699918 -1.241031408 -0.146341801
N -1.524424791 -0.762594461 0.543586612
C -2.529968023 1.434563041 1.297003269
H 3.694578409 -0.909293175 -1.099784017
C 0.328290343 -0.168706626 -0.544364095
H 1.928364992 0.799581110 -1.563307285
H -3.507687807 1.340027928 0.818616033
H -0.302378505 -2.297427177 -0.299986988
C -1.478092551 0.621099412 0.598512530
H -0.014217945 2.021149158 -0.212158918
H 1.493486166 -0.758660495 -2.245583057
C 2.764609814 -0.889203846 -0.512828827
H -2.257118702 -1.328049183 0.945603311
H 2.509405136 -1.922815561 -0.253835529
H 2.962537289 -0.351547897 0.426913500
C 1.623780847 -0.225628600 -1.304414272
H -2.659782887 1.144914150 2.347245693
C -0.342245996 1.002747893 -0.076436959
