18

C -0.435105622 0.657910526 -0.335914403
H -0.504882812 -1.503590584 1.519602537
C 1.655051947 -0.372630179 0.153017014
H 0.211007625 2.698348761 -0.078819066
H -2.204811096 1.848091960 -0.566691339
H -1.454450965 -2.008939266 0.100037955
H -2.245530367 0.332681686 -1.460067630
C -1.907661676 0.800119460 -0.529807985
H 2.503037691 -1.016639471 -0.074515842
C 0.251828164 -0.711106479 -0.355588794
C 1.764472842 1.079427123 0.285367727
H -2.477287054 0.313308358 0.276422530
C -0.441104561 -1.801147342 0.475587159
O 1.684188485 0.222726211 1.463641405
C 0.440568805 1.633940816 -0.076442502
H 2.693888426 1.628275156 0.170846373
H 0.343555599 -1.058732271 -1.394938231
H 0.123235285 -2.742044449 0.428263158
