17

H -2.161489725 1.821397066 -1.828174233
H 0.428473264 1.905677915 -2.103505850
C -0.349868685 -0.140058383 1.410470128
H 2.488057137 -3.894278765 0.451909512
H 1.550876737 0.206177950 0.405571043
N -0.721396029 0.371081471 -1.136046767
C -0.026244191 1.656368375 -1.156072259
H 0.526494563 2.000525713 -0.296291411
C 0.858075202 -0.595027566 0.610277057
H -1.916664362 1.810365438 -0.020203857
C -1.509998202 1.576591253 -1.008381128
C -0.526620448 -0.515438020 -0.033999696
H -0.402886599 0.911075532 1.680030704
H -0.775246918 -0.800200343 2.150565386
C 1.508195877 -1.884487510 0.577806175
C 2.032758951 -2.952610970 0.508005142
H -1.002516747 -1.477158785 -0.211960003
