16

O -2.197912931 -0.764836848 1.506289840
C 2.600373268 0.448172599 -2.274551153
C 0.502189159 -0.241017222 -0.793593347
H 3.474066734 0.671477616 -1.656934023
C -0.719451010 1.127523541 1.945754766
C -0.614429712 -0.619365573 -0.011967669
N -1.391585708 -1.743573308 -0.320768386
H -1.517646670 1.884183049 1.990574121
H 2.383812189 1.329343915 -2.882103443
H -3.114189625 -2.457086802 0.713851213
C -1.111583352 -0.030240528 1.118390441
H 2.876132965 -0.362782061 -2.955002069
C 1.457121611 0.077114426 -1.456149817
H -0.494494200 0.827336967 2.974079370
C -2.298804045 -1.748126149 0.583856702
H 0.166401267 1.601876259 1.518273711
