16

C 0.567737639 0.374761522 -0.936599195
H -1.324871182 -0.736210167 1.446741700
H 0.306024611 0.723536134 -1.930027008
H 1.602272511 0.003149702 -0.943636954
N -1.119344831 -1.458852053 -1.159922719
C -0.332181364 -0.759661019 -0.464202225
O 0.717189968 -0.339333117 1.686890364
H -1.701498389 -1.778869390 -2.899821281
H 1.539234281 1.492843151 1.991871595
O -1.054667830 -1.154173970 -2.512485743
C -0.337744564 -1.028676867 1.026350021
H -0.239599213 1.484952211 2.085062265
H -0.189265728 -2.095031023 1.221638680
C 0.628352642 1.066602349 1.543175220
C 0.524690092 1.521430969 0.073068976
O 0.413671643 2.683531523 -0.228103772
