17

C -1.009038806 -0.415613353 1.195522428
H 0.968886375 -1.524367571 -0.537277341
H -0.211092055 1.106738329 -1.841664672
H 0.195232302 1.225998878 0.606814921
H -2.681665659 0.055734500 2.083633423
H -1.070139289 -0.421648115 -1.651134968
H -0.435574204 -0.662758946 2.096991062
H -1.755542159 1.065011740 -0.976037204
C 2.240589619 0.153892741 -0.851192474
C -0.819052577 0.517215371 -1.156712651
H -1.382894635 -1.363775015 0.770179749
H 2.567367554 1.127191901 -0.401069999
C -0.084001876 0.265107155 0.175427377
H 1.649208784 -0.815016210 0.930519402
C 1.186294556 -0.579160810 -0.038875289
O -2.066210032 0.485536814 1.485726476
O 2.707631826 -0.220087409 -1.890849948
