13

C 0.796889663 0.690413237 -0.987755358
H -2.243518353 0.253648192 0.030045256
C 0.670371890 -0.851443291 0.965621650
H -1.092447042 -2.096634150 0.730957329
H 1.553983092 1.228980422 1.074504495
C -1.162202239 0.134472966 0.016755303
O -0.522606075 1.127229571 0.837832153
C -0.580794394 -1.163617253 0.645443261
C -0.439742625 0.361515403 -1.325483680
C 0.816223979 0.635048091 0.551286519
H 1.443812609 -1.470695019 1.379105449
H 1.652130842 0.909825087 -1.619829893
H -0.892101645 0.241256699 -2.298482180
