15

H 2.297922134 -0.120507814 -1.392133951
C 0.952628076 -0.857855558 0.240835875
C -0.473945767 -0.377141804 0.205464765
H 2.268491983 0.883506000 0.087561928
O -2.593934059 0.317589045 0.072711833
H 1.346604943 -0.251799136 2.052730083
C -0.543983638 0.745549321 -0.654389203
H -2.374848366 1.923492193 -1.250932693
C -1.834406734 1.152852416 -0.730516434
C 1.659494519 0.270551801 -0.590426266
O 1.546169162 -1.040195465 1.511006474
H -2.222736120 -1.321277976 1.274908304
O 0.646532774 1.111661315 -1.198220015
H 1.070210457 -1.832399011 -0.255308658
C -1.744199634 -0.604025245 0.626707911
