18

C -0.321451426 -0.424222142 -1.992261767
C 0.874689400 0.014466602 -1.641629457
C 1.254835725 0.227605805 -0.201629534
C -1.391772032 -0.729302168 -0.976594448
O -0.605565667 1.522168040 0.534261763
H 1.937033653 -0.562914848 0.129018068
H -1.466110349 1.459306836 0.970429361
H 1.802355886 1.173392296 -0.066736758
C 0.376724571 0.020863086 2.180845737
O -0.883056283 -0.789565682 0.353749633
H -0.521790385 0.023612160 2.783368349
H 0.867565751 -0.948499084 2.302005529
H -1.835184097 -1.711305737 -1.166162729
H -0.589158416 -0.569506764 -3.036442757
H -2.203120470 0.015362967 -1.034662724
C 0.017294990 0.261705816 0.716714382
H 1.050357580 0.808358490 2.535258770
H 1.636351466 0.208474338 -2.389531374
