16

H 1.186990142 -0.524415791 -2.695209265
H -0.304632008 -0.478760988 2.768848896
H -0.588269353 -0.432021230 -2.905376196
C 0.031340908 0.467748314 -0.248359933
H -0.226566479 -2.487950563 1.226339221
C -0.157736346 -1.475394487 0.906006694
O 0.070114277 -1.747319818 -1.448389649
C -0.101664148 0.770085752 1.101693273
H 0.161806032 1.190516353 -1.040302634
C -0.119996458 2.012594938 1.781140804
C 0.253345340 -1.099285126 -2.687486410
C -0.135879695 3.058980227 2.376437187
H -0.149612159 3.978168011 2.894747972
C -0.007913190 -0.946536124 -0.356551349
N -0.210447073 -0.409037471 1.774215341
H 0.299120337 -1.877372026 -3.447754145
