18

C -1.769877911 1.393703461 -0.678166509
H 1.769214272 -0.656098604 2.834358215
H 2.188587427 0.116877124 1.289164782
H -2.512520790 2.172378063 -0.726617336
C 0.738137424 -1.153961539 -1.711533189
C -0.364589572 -0.049327061 0.329177141
N -1.319824219 0.932031929 0.538410962
C -0.206828251 -0.208567396 -1.032808781
H -1.250389576 0.838069737 -2.727328062
N 0.282922029 -0.712559998 1.381515741
C -1.115137458 0.700379431 -1.662226081
H 1.239220619 -1.789271593 -0.969075561
H 0.212703034 -1.815580130 -2.414433479
H 1.117828608 0.944601238 2.432964087
H -0.290041178 -1.310167670 1.934751987
C 1.393125415 -0.031037671 2.026931763
H -1.619726777 1.252468944 1.435980320
H 1.507197380 -0.623937786 -2.281065941
