22

H 3.373845816 -0.703030229 2.342627764
H -1.237911701 -0.923537314 0.461256504
H 1.113897800 -0.499980807 -0.647595704
C -2.877109051 0.419059098 -1.381492853
H 2.460546255 -2.078628540 1.712495923
H 0.965039968 1.986821890 1.210570097
H 3.265406132 -0.955683410 0.600164831
H -1.152984500 0.741265237 1.017238617
H -3.358933449 1.200379014 -1.951607704
H 2.420578957 1.420935273 0.280148387
C -1.913776398 -0.493722558 -2.090107679
H 0.846294045 -0.214366004 2.391777039
H -3.501840353 -0.012561155 -0.601167262
C -1.396402240 0.527516365 -1.108076334
H -1.894309998 -1.537598014 -1.794206262
C 1.460561395 -0.168173119 1.496788621
C 0.685098350 0.009697855 0.211143076
C 2.702986479 -1.022804260 1.545259833
C 1.499460459 1.159346938 0.781324685
H -0.903927982 1.401871681 -1.540045619
C -0.822148502 0.076558135 0.217749879
H -1.734372139 -0.333366066 -3.154245853
