18

C 0.157503977 0.217511401 -0.272523075
H 2.362147331 -1.946608901 -1.095646024
H -0.798754811 -3.328872681 -1.666740537
H -1.687373519 -0.963601649 -0.796104610
C 1.475297689 -0.121545121 -0.406687081
O -1.682574153 1.808064103 -0.177852213
O 0.141986832 -3.141781092 -1.553276181
N 1.542227387 -1.407945871 -0.906021237
H 0.236256003 2.349913597 -0.093300052
H -0.688071430 2.491589546 2.205484629
C -0.612724721 -0.896141529 -0.721723080
H 0.726233244 1.414110541 2.161258698
H -2.267225266 1.174663305 0.253687263
C -0.297489464 1.544683337 1.824280024
H 2.374015093 0.435521096 -0.194474936
C -0.366139263 1.524353862 0.285034478
H -0.894511461 0.729301810 2.239867687
C 0.279196471 -1.883215666 -1.085263371
