15

C 0.154638425 -0.025939485 -0.216166526
H -0.754502654 -2.036165953 0.220969811
O -1.756450415 0.246584773 -1.659637690
H -1.143902421 1.678601265 -0.272124410
O 0.736876428 -1.184083700 1.468887091
H 1.610422134 0.899204075 2.670660973
C 0.201550707 -1.522358775 0.144287422
H 0.916738212 -2.111533165 -0.435494602
H -1.923867226 0.220313087 0.356967747
O 0.993706763 0.304884851 -1.315430522
H 1.247970223 1.228752255 -1.175842047
N 1.216126323 1.157868743 1.772977829
H -1.062807798 0.408050269 -2.305329323
C -1.228231788 0.586963892 -0.405044377
C 0.791733027 0.148857743 1.150318623
