15

N -1.985070705 0.659872591 -0.696261883
H -1.453452706 1.108099580 -1.432318330
C 0.372331947 -0.085538745 -0.098733850
H -1.047535300 2.117340326 0.654486239
C 2.957228661 -0.257320672 -0.647684336
H 3.233230114 -1.288640976 -0.906254590
H -2.475916386 1.176814198 1.327458739
H 3.222451448 0.381087542 -1.493490577
H -1.348650575 -2.194130182 0.131161183
O -2.268713236 -1.384200692 1.746569514
C -1.686101556 1.245504022 0.597219169
C -1.034432292 -0.037242301 0.209482282
C -1.597448230 -1.316462040 0.748594105
H 3.568389416 0.034924462 0.204110831
C 1.543689132 -0.160106927 -0.344338626
