16

H 0.927173495 -0.391372621 -2.779287815
C -0.201329812 0.000869469 0.911698639
C -0.323191851 0.367282420 -1.231997609
H 1.400521874 -2.104664087 1.387058735
N -1.344974279 0.988271177 -0.733444691
O 0.289642364 -0.473628134 2.049616814
O -2.228286028 1.240556359 1.458413482
O 0.430771470 -0.270734340 -0.278480917
C 0.076180190 0.281035155 -2.654175997
H 0.333460778 1.264675856 -3.048197508
H -0.758612931 -0.091509461 -3.255862713
C -1.302117229 0.764035285 0.624481022
H 1.719777346 -1.490872025 3.026496649
H 2.327037096 -0.607875347 1.602835178
C 1.504437447 -1.219101191 1.994001269
H -2.850490093 1.743031263 0.926845729
