14

O -1.414677262 0.498867005 -1.988631368
H -1.455675840 0.736086488 1.716580153
O 1.273108363 0.848503232 -0.441350818
H 1.398143053 -1.229450226 0.712011099
C -0.515583158 1.194037676 1.376192689
H -0.709492862 2.232603312 1.107830048
C -0.006742322 0.427866399 0.188682944
C -0.507738292 0.256026685 -1.276706219
C 0.933217406 -0.325618535 -1.257091403
H 0.205424920 1.164037585 2.188692093
H 1.623986959 -0.608552456 -2.058894157
O -0.308116645 -2.145594120 0.125262246
H -1.051570058 -2.008997917 -0.462252706
C 0.535716057 -1.039815426 0.069674931
