15

H -0.834229887 -1.751478314 -0.010157946
C -0.598221540 -0.775626242 0.426212490
C 0.805231333 -0.689635456 1.121542215
C -0.809477806 1.397302032 -1.121585846
C -0.093204103 0.220943123 -0.636799514
O -1.634725928 -0.361113101 1.253870606
C 1.294627309 0.228412151 -0.003740650
H 0.692320287 -0.149443835 2.069204569
H 2.001242161 1.049798965 0.098527603
H 1.352654099 -1.617984295 1.281393528
H -2.115212679 0.333719343 0.810469091
O -1.914422750 1.711528063 -0.728580117
H 1.046586514 -1.310314536 -1.363393426
H -0.264169365 2.005892515 -1.863543630
N 1.071002245 -0.292000443 -1.333419204
