15

C 0.512607217 2.090164423 -2.078344107
C -0.266518235 -1.855647326 2.638386011
O 1.429032087 1.605335116 -3.061374187
H 0.361787617 -1.746342182 3.524741650
O 0.133641675 -0.857046664 1.725405455
H 1.616820693 2.341804266 -3.656580448
C -0.623478949 -0.896122992 0.531678081
H -0.391446233 2.504949808 -2.544859886
C 0.137083486 1.019264460 -1.171604395
C -0.195553258 0.149866968 -0.394098669
H -0.132956505 -2.861790657 2.221882105
H -1.316519618 -1.755159259 2.938817263
H -1.702165008 -0.768323898 0.767901361
H -0.526551247 -1.873416901 0.045410406
H 0.964216173 2.902465343 -1.487360120
