14

H -0.807627261 0.398794383 -2.200339794
H 0.773053110 -1.277472496 2.032779932
O 0.676953793 -0.322883815 2.151126623
C -0.131654501 -1.524757981 -0.411279589
N 0.051815353 -2.654996157 -0.592285752
H 0.705183566 1.388151407 1.111911178
C -0.077281781 0.701081157 -1.457120657
C -0.274211526 -0.091293491 -0.139692515
H 1.790411234 0.153540194 0.446882546
H -0.187225550 1.771759510 -1.259579420
C 0.812784731 0.320042908 0.912590086
H 0.930148721 0.525695324 -1.850968361
N -2.658996820 0.437064469 0.840033770
C -1.603353500 0.175274432 0.415942222
