17

C 0.506532013 -1.692357063 -0.391594648
O 0.845437884 1.633409023 1.077694893
H 2.251046419 -0.680843890 -1.694166541
H -1.664684296 0.411783069 1.610925674
C -0.967783749 0.518325627 0.778900862
O -1.514404535 -0.190378934 -0.313550711
O 0.131178722 -0.285971791 -1.928247452
C -0.722112298 -1.054021716 -1.075681210
H -1.404440045 -1.707718134 -1.634765744
N 1.278742790 -0.595314622 0.260454208
H -0.969939709 2.740418434 1.206203461
H 0.675179541 -2.745367527 -0.176734850
H -0.447089940 2.289540052 -0.469887018
C -0.479461014 1.975136995 0.577914655
H 0.667123795 -0.153057218 2.181818485
C 1.300771594 -0.694075584 -1.176502228
C 0.513902903 0.230493128 1.167218685
