14

N 0.492642432 0.026095925 0.241092354
H -0.706294239 1.018701434 1.622590780
H -1.498728514 0.322743237 -0.451817393
H 1.140406609 1.660073280 3.092211485
H 0.529837608 -1.372386932 -1.802998900
C 1.435938001 0.990893781 2.280463696
H 2.262884140 1.449576020 1.725610495
C -0.518170297 -0.138412297 -0.562773764
C 0.307487220 0.701119661 1.358224750
O -2.490040541 -0.757798016 -2.520862341
C -1.367566466 -1.182040215 -2.596619129
N -0.366557270 -0.926456928 -1.686756730
H -1.034497142 -1.848851919 -3.411180735
H 1.812658548 0.056743085 2.712814808
