13

H 0.983454227 4.942912102 1.038984060
H -1.498518586 -0.928347528 -1.086636543
C -0.192557707 0.403877765 -0.150579944
C 0.105123878 1.535692692 0.155452728
H 0.528088570 -0.861464202 -2.333609343
H -0.880317748 -3.271106005 2.310940266
H 1.334976792 -1.622480154 -1.127486348
N 0.417357981 -1.526907086 -1.570039272
C 0.433085859 2.816062450 0.496391922
C -0.775058687 -2.610876083 1.491377115
C -0.520060718 -0.955990553 -0.581240952
C 0.726751447 3.943023443 0.786111355
C -0.662325203 -1.864397049 0.570334733
