15

C -0.905798256 -0.818772376 0.302762598
N 0.237482727 -0.279734373 -0.246017545
C -1.067957044 -2.263044357 0.611726820
O 3.061336279 2.590142012 -1.106194973
N -1.786324978 0.114720590 0.539186418
C 0.028507618 1.073184609 -0.358388782
H 1.044176579 -0.788616300 -0.550654411
H -1.715588093 2.258093119 0.192952693
C 2.267563581 1.824153423 -0.669308722
O 0.921946585 1.950534463 -0.907429516
C -1.217723131 1.308069944 0.126479924
H -0.996863663 -2.443270922 1.691281080
H -0.306646675 -2.872470140 0.115537152
H -2.051714897 -2.606881618 0.288676411
H 2.487603664 0.953892350 -0.030609440
