15

O -1.386676431 2.097168446 1.886940718
H -2.180527210 1.810222864 1.393273950
H -0.951064587 -1.627260208 -0.558359683
C -0.383625746 1.450642467 1.336191416
H -0.831582189 -0.758464575 -2.092764139
H 0.031982373 2.027883768 -0.690448761
C 0.902850628 -0.644245923 -0.873922825
O -1.249749064 0.385021478 -0.468961626
O 1.512672305 -2.402324200 0.016420905
H 0.346307933 0.983823299 1.947325826
H 2.212892771 -2.707927704 0.590213537
N 1.479096651 -1.080809355 0.186305985
C -0.570327342 -0.743968666 -1.036494136
H 1.497690320 -0.130140245 -1.611827612
C -0.429940492 1.340378761 -0.023893673
