18

C -0.061749313 -0.948353529 -1.799360514
H 0.923414350 2.895324230 -0.136080056
C -0.272554427 -0.472539902 0.411153018
N -0.780099034 -0.535233259 1.732564449
N -1.884821653 -2.126077890 -0.541958869
H 0.349619627 2.379952192 1.481959701
H 2.032732725 2.935376883 1.252941728
H -0.114356011 -0.158169582 2.399133205
H -0.138625130 -1.310894728 -2.818387508
C 0.777237535 0.251740426 -0.097936273
H -1.662074208 -0.047758635 1.827206492
H -1.910056829 -2.825134039 -1.268588781
H 1.620061398 0.351723462 -2.016397953
C -0.787810564 -1.259163618 -0.675191283
H -1.848470211 -2.587943554 0.364075005
N 0.889166296 -0.007088136 -1.435040355
C 1.206901908 2.389922142 0.789223850
O 1.661484122 1.074316502 0.530684054
