19

C -0.178999394 0.429337382 -1.720999241
H -0.620963275 0.756056964 -2.668280602
H 2.038469791 -0.307255894 1.821666241
C 0.038262635 0.448787153 1.143522024
H -0.202241763 0.671268344 2.182451010
O -1.756090999 1.080899596 -0.210296303
C 1.448566079 -0.193243250 0.916830063
C -0.637103200 -0.805772066 0.499237746
H 0.632655084 -0.263307929 -1.937716484
H -1.397472978 -1.311138511 1.078420401
H 1.055453300 -1.865854621 -0.560342848
H 2.052948236 0.309052914 0.161647975
H 0.829984486 -2.320837021 1.125966549
C -1.263828158 -0.140011832 -0.772053421
H -2.062384844 -0.687207997 -1.257290483
C -0.473251700 1.562220097 0.186586589
C 0.747712851 -1.501703382 0.425717264
H -0.558221757 2.567149639 0.581741929
O 0.306505531 1.571560264 -0.996808112
