17

H -2.416734219 1.056961060 -2.096484423
H 2.086136580 -2.120994806 2.086864948
C 1.476145983 1.024306059 1.234401822
N -0.591851652 0.531382680 -0.138224423
H 3.129869699 0.376879126 2.637889624
H -0.856234431 -1.359649897 -0.964711249
C -2.338223219 0.000954913 -1.783011317
C -0.925889909 -0.308230907 -1.287415028
H -2.591193438 -0.612163544 -2.656849146
H 1.569771290 2.096753359 1.179561496
C 0.533606052 0.246508136 0.611301482
C 2.293202162 0.113193095 2.001194954
C 1.810444355 -1.130198002 1.757156730
H -0.650832295 1.519222260 -0.350991786
H -3.077398539 -0.171488464 -0.997767687
H -0.203300133 -0.188871115 -2.111200094
O 0.752481401 -1.074563980 0.878284037
