19

H 1.933963895 -0.542464435 -1.228298545
C -0.768290401 -0.760955155 -0.780429602
H 2.075015783 1.150363564 -0.695354700
H -1.080864906 -1.344543338 -1.641907692
C -1.429750800 -1.230096817 0.501907229
O -1.274473190 1.347823977 0.806886256
H 1.740332365 -0.407686234 1.446002245
H -1.996286750 -2.157222509 0.411996752
C -0.012595061 0.539416075 -1.176346064
C -0.312375098 1.644523025 -0.157734677
H -0.146866739 0.814675093 -2.216337919
H 0.275852203 1.371628284 2.165001154
C 1.441349506 0.263317555 -0.690220833
H 0.512764394 -2.327072859 0.279270053
C 0.048042096 -1.353687763 0.344025820
C 0.094527707 1.046092391 1.136994004
C 0.962690353 -0.174860179 0.721915781
H -1.850415468 -0.566354930 1.231176138
H -0.212619856 2.687103987 -0.458545625
