17

H -0.778957546 3.075428963 -1.451637506
C 0.066812590 -2.335870743 1.823175669
H -0.442288190 1.495104074 0.364768326
C -0.194838911 2.386560202 -2.082178831
H 1.469981790 -0.822096586 1.442927122
H -0.447025239 -4.460903168 2.405952692
O -0.354140073 1.046320796 -1.665482759
H 1.162442088 1.079430461 -0.257377476
H 0.346503705 -1.262267828 -0.733257115
H 0.860113084 2.699896812 -2.043782234
C 0.094615631 0.836624324 -0.340040058
C -0.203780919 -3.468360662 2.118310213
C -0.151187941 -0.631344438 0.009342407
C 0.380309045 -0.972961426 1.409007668
H -1.223647594 -0.841355562 -0.045926306
H -0.548131108 2.453773022 -3.108739614
H -0.036780529 -0.277978480 2.154938221
