15

H -1.647003055 -0.866481066 2.018236399
C -0.247481138 -0.204846665 -1.834133506
N 0.243168265 0.083189003 1.685853481
C 0.307198822 0.075195991 0.411082923
H -1.666253328 -0.304222703 -0.263822675
N -0.696301162 -0.200386360 -0.524203897
H -0.968194962 0.007383301 3.389430285
C 1.251338959 0.098001905 -1.739361882
N 1.450681686 0.359968394 -0.323503435
O -0.893557727 -0.398114860 -2.823425531
C -1.073180914 0.028114177 2.294088840
H 1.810528278 -0.763971031 -2.108608246
H 1.502198696 0.959273219 -2.364742517
H 2.316141129 0.229101881 0.153930381
H -1.689283490 0.897794783 2.029179573
