20

C 0.107249387 1.091185808 -1.465690374
H -0.979015648 -1.411773205 2.218321800
N -1.098747373 0.501069546 -0.729291558
H 0.697789907 -1.913994074 2.480339766
H -0.386072338 -2.923846960 1.498878598
H -0.600956321 -1.466252089 -1.554969311
H 2.259422302 0.718259573 -0.777733803
C 1.249380827 1.039566636 -0.524913847
H -1.517147064 1.019394755 1.343240976
C -0.733584642 0.843225300 0.602555752
H 0.592480183 2.984430790 -0.096430480
C 0.621625423 2.354725838 -0.921369791
C -0.108675189 -1.886625171 1.739824891
H -1.794973731 -1.472008348 -0.235111654
C 0.538206697 0.354691207 0.651901662
H 1.193306446 -1.665440440 0.045207083
H 0.150014758 0.858722866 -2.523549080
H 0.331324339 3.136062384 -1.640102386
C -0.850600064 -1.010842323 -0.596839428
C 0.328971982 -1.150551677 0.485730827
