14

C -1.560340643 -1.164134622 -0.197068349
N 0.272557795 2.277146339 1.751977563
H 1.297841907 -1.296583533 -0.588560104
H -2.556395531 -1.562248111 -0.341273725
H -1.760484576 -0.632324636 1.817900896
C 0.198047370 -0.232526526 0.979009330
C 0.243381217 1.173603296 1.381625414
H 1.808018565 2.398070335 -2.504525423
N -0.707169175 -1.036550283 -1.145060658
C 1.436874628 1.561004519 -1.949668169
C 0.537014008 -0.504286826 -0.561305881
C 1.021592140 0.631717801 -1.318665147
H 0.900286257 -0.783706427 1.623017430
N -1.131224394 -0.829181373 1.052596331
