19

C -0.613709688 1.535805821 0.210289791
C 0.819012582 -2.067895889 -2.110002279
H -0.969109654 -1.918383121 -0.908992290
O 0.528089523 -0.709079981 -0.169511035
H -1.601122141 1.735081196 -0.216260284
H -1.211037874 -0.465526313 0.921468556
H -0.628754675 -0.481679589 -1.874232054
C -0.158002615 -1.269052982 -1.271674752
H 0.311818689 -2.521585941 -2.970234156
H 0.153243676 1.899832964 -0.478874743
C 0.416941404 0.646515250 1.906567216
H 1.268828750 -2.867320061 -1.520876288
H 0.261537999 0.138896376 2.857239485
C -0.289588094 0.077621169 0.657256842
H -1.265156627 2.039846659 2.260510921
H 1.486199379 0.751672566 1.710815907
C -0.342475206 1.989708185 1.672574401
H 1.618204832 -1.428375602 -2.483854532
H 0.215079844 2.913920164 1.807789207
