17

C 0.535703778 0.717496395 -1.341402411
C -0.227264524 -0.094459772 -2.197430372
C 0.280913264 0.318957150 -0.032968055
N 1.702178717 1.872009993 1.105714679
C 0.812453270 0.851512969 1.240438938
H 1.187276244 1.520657420 -1.644681692
H 2.036306143 2.170711279 0.217930987
C -0.932864070 -0.971758783 -1.402135491
H 2.131595373 2.216451168 1.944786429
H -0.263259888 -0.033439051 -3.266971111
C -1.253240824 -1.492840052 0.987496793
H -0.960534096 -1.050580859 1.938208461
O 0.497832686 0.439388663 2.348160982
N -0.638449728 -0.722151399 -0.096046835
H -1.627258182 -1.752633572 -1.658772111
H -0.936350465 -2.535722494 0.955985308
H -2.345037222 -1.453598738 0.901685059
