18

H -2.189818859 -1.499771595 1.038900733
C 0.158427626 0.685736358 0.331939548
C 2.005662680 1.052965045 -1.100654721
C -1.354357123 -1.165053248 0.423893601
H -0.069872417 -1.935987949 2.040813446
H 2.175512552 2.052929878 -0.686594486
H -1.846312881 0.850624323 1.113767266
H 2.247597933 1.063210726 -2.169850349
H 2.645241261 0.335453838 -0.574018776
O 0.759755313 -0.298069656 1.141607285
H 0.399461269 1.663302779 0.789549708
O -1.976090431 0.837617695 -0.895618439
H -1.360007405 0.670017540 -1.617239118
C 0.013302740 -1.515034556 1.032742023
H 0.567604065 -2.227457285 0.418682456
O 0.639258564 0.665841401 -0.988467872
H -1.475926280 -1.615273237 -0.564872086
C -1.339438677 0.378947526 0.265419960
