19

H -3.495558023 -0.082291514 -0.171990231
H 0.676397026 2.233674049 1.756875515
C -2.400943518 -0.061013922 -0.123902984
H 2.070438862 -0.412251413 1.115816832
C -0.556161284 0.639067233 0.959970117
N -1.883667350 0.603695452 0.913236499
C 0.252879381 -0.020586988 0.012087224
H 2.283160448 -0.506724060 -0.633135438
C 0.041385293 1.422575831 2.106221199
H 0.648532569 0.783271253 2.745966673
H -0.100606658 -0.970006526 -3.120310068
H 1.341791868 -1.349122763 -2.149412155
N -1.751993656 -0.698512197 -1.084084034
H -0.055376194 -2.442967415 -2.160080433
C 1.759745836 0.027697213 0.159693539
C 0.241389930 -1.393290162 -2.172726870
H -0.780299604 1.835570455 2.707769871
C -0.412904114 -0.670437992 -1.030741215
H 2.121789455 1.061653852 0.168745950
