15

H 1.844809532 -2.540981293 -0.779042125
C 0.460798979 1.939464450 -0.747670531
H -1.728297234 0.941725850 0.875270307
C 0.588548422 0.494405717 -0.557632208
O -1.376648784 -0.620862961 2.220534325
O 0.219831631 -1.610249519 0.087304242
H -2.322110415 -0.659916341 0.365231752
C 1.623586297 -0.348658204 -1.097845316
C -1.516331553 -0.124106489 0.898324907
O -0.364691466 2.674923897 -0.241186962
H -2.245145321 -0.561398327 2.629569769
C -0.241058156 -0.336072892 0.147563323
H 1.245042443 2.369341373 -1.423428297
C 1.361682773 -1.594613791 -0.661201656
H 2.449983120 -0.023001641 -1.715791225
