21

H -1.252097130 -1.984444022 -1.973489046
C -1.239144683 -0.097454838 1.692867398
H -1.850984693 1.725055814 0.568628967
H 0.819686592 2.407570362 -0.195678428
H -1.120173812 -1.154313684 1.485568881
H -0.963301599 0.939249575 -1.634246111
H 0.075702921 1.577793002 2.410371780
C 0.949790835 1.341591716 -0.444099784
C -0.397535086 0.609704852 -0.754364371
C 0.159347981 -0.806085408 -0.830229402
C -0.170049280 -1.787815452 -1.909879446
C 1.214627981 0.446976811 0.808689415
H -1.967022896 0.131348342 2.466257334
H 0.336214900 -2.746641397 -1.761355400
H 0.121732451 -1.410225987 -2.902257204
C -0.042532634 0.826031387 1.631219029
C -1.133818865 0.911411524 0.586350441
H 1.708415270 1.216874480 -1.229710221
H 1.538117051 -1.836584568 0.493846357
C 1.054585338 -0.920082271 0.160507590
H 2.158439159 0.610039949 1.331002593
