17

H -1.724359632 -0.700886667 -1.355632901
H 0.827460706 0.497345924 -1.882518053
C -0.035905417 -1.895469427 -1.170167446
H 2.021041393 0.503121018 1.602966309
C 1.316628575 0.095185414 0.877377987
C -0.003578831 0.661713362 -1.189106584
C -0.632934272 0.809081316 1.179688573
N 0.113192335 -0.415059388 1.616773844
H 1.829418063 -0.648211479 0.254225254
H 0.846231818 2.205667257 0.166856915
N 0.555821657 -2.858963251 -1.427490234
C -1.032244444 -0.522758007 0.677759886
C -0.769935131 -0.660415947 -0.830731273
H -0.708873749 1.356282115 -1.653709173
H -1.881972551 -1.058738470 1.096636653
C 0.473019570 1.187123179 0.172475919
H -1.193010330 1.444983006 1.864593983
