18

H 1.882840991 -0.706980765 0.660389364
C -1.236356854 1.246895909 0.564732313
H 1.991128087 -1.378320217 -0.969026327
C 0.042864930 -0.520977795 -0.501598358
H -0.886722028 0.694992602 2.703207016
H 0.068641998 0.854828477 -2.204746485
H -1.616837144 -0.952317774 0.912583053
C -0.880870402 -0.204534829 0.666733742
H -2.242998362 1.627966404 0.693925440
H 0.630496502 1.065750480 1.767333508
C 1.326768994 -1.248834491 -0.107141301
C -0.413109243 0.773477793 1.731966734
O -0.721622884 -1.320253253 -1.409201980
C 0.306154221 0.884223700 -1.134150386
H -0.122300833 -1.586995363 -2.124267101
H 1.086380839 -2.238746166 0.287224144
O -0.553358316 1.830210090 -0.508507967
H 1.338899851 1.179615378 -1.029454947
