19

H -1.602715135 -0.657520235 -2.028918982
H -0.331900597 3.591643333 0.591548324
H -0.651758313 -3.125885963 -2.307657003
C 0.491891861 1.571589947 1.021235824
O -1.643853426 -0.866430342 0.072696425
C 0.174992561 2.973327160 1.329350829
H 1.013242245 1.013071179 -0.965031028
H 1.096471310 -1.518718839 1.317169785
H -0.667185545 1.512664199 -0.767081141
H 1.332768440 1.127238631 1.546400309
H 1.116919279 -3.572670221 -0.399420023
C -1.089650154 -1.183440447 -1.221705914
C 0.147707939 0.940474868 -0.305048019
O -0.594406009 1.911486983 1.887744904
C 0.521752894 -2.671804190 -0.494711548
C -0.440082490 -2.483695745 -1.472711682
C -0.276248544 -0.515386403 -0.184511498
C 0.603292823 -1.573283792 0.350262374
H 0.798761010 3.527339935 2.030388355
