16

C -0.798413038 0.218517855 -0.007759941
H -1.013845921 -2.612652302 2.390496492
C 1.661554813 0.774395406 -1.004494309
C 0.597479284 1.553585052 -1.436405659
H 2.664356947 0.969993353 -1.385733604
C 0.290074646 -1.665777922 1.322566152
H 0.704538405 -2.549395323 0.814948976
O -1.714680672 2.031143188 -1.327084184
O -1.041140437 -1.881342411 1.754558921
C 0.341227651 -0.496291667 0.350643694
H -2.508136511 1.745204568 -0.863220394
H -1.758815289 -0.040692821 0.418281317
H 0.965063453 -1.438416600 2.160420179
H 0.721626937 2.353830576 -2.148800850
C -0.669001341 1.266801715 -0.916094482
N 1.558111072 -0.228902787 -0.122322813
