21

H 0.595725894 1.890298605 1.368708014
H -1.362144709 -1.438478947 -0.552137017
C -0.809734464 0.518863738 0.354280114
C -2.149903536 1.146815658 0.649251103
H 2.536832094 -2.824355602 -2.871238470
H -0.573022783 -1.662794948 1.045981288
C 0.359304786 0.821243882 1.324549437
H 0.487511277 1.562289834 -1.224547625
C -0.645211875 -1.027613401 0.149617106
C 1.490402222 -0.026363211 0.666069150
H -2.076526165 2.240852833 0.672634244
H 2.332703114 0.582072556 0.319678128
H 1.875266075 -0.818340838 1.311265588
C 0.692555726 -0.602919161 -0.540369511
C -0.093095250 0.656497657 -1.019394517
H -2.537230968 0.818597317 1.616616964
H -2.893820047 0.886782646 -0.113204084
C 2.001163960 -2.184427500 -2.199072361
C 1.400827765 -1.475781441 -1.438919663
H -0.758682609 0.430890381 -1.866210699
H 0.127079666 0.505869985 2.346443415
