14

C -2.255566597 -0.503738284 -0.045545530
H -0.178119048 0.780716300 -1.976885319
H -2.669513226 -1.382428408 -0.571566284
H -3.007235289 -0.181851670 0.682178795
H -0.514340043 1.958713174 -0.693215847
C 0.019704536 -0.013146147 0.051741671
C -0.923921645 -0.808530271 0.579834819
C -0.630925894 0.906681955 -0.973604918
H -0.787106395 -1.562217712 1.338370562
O -2.003351450 0.545583427 -0.985275328
N 5.059013844 0.111690283 0.978575647
C 1.389754057 0.008569863 0.322035789
C 2.582897663 0.059085477 0.524112582
C 3.918709040 0.080871791 0.769243300
