14

N -1.146326542 1.925844669 -1.267423630
C -1.126742482 0.702064037 -0.593503296
H 2.270617723 -1.117123365 0.964454532
O -1.049458861 -1.218052506 0.519940317
C 0.247412145 -0.764114261 0.478255332
H -2.911591053 -0.629414082 -0.191969618
C 0.194936037 0.413691580 -0.198814288
O 0.997993290 1.432429314 -0.631378293
H 0.528406203 3.173798323 -1.667223334
H 1.345202446 -2.588743687 0.688354254
C 0.086097404 2.281484365 -1.248988748
C -1.876345277 -0.343879193 -0.150652483
H 1.140797615 -1.689944506 2.185581207
C 1.299001217 -1.578040719 1.113368154
