22

H 0.615231574 -2.385567904 -0.205334425
O 1.873647094 0.519969285 -2.840603113
C -1.266489506 -1.180128098 -0.114898510
H -0.102063321 -2.256131411 1.463204861
H 1.472949982 -1.271412253 -1.875869393
H -0.628050089 2.468146086 0.870149434
C -0.112726144 -0.325861722 0.348877996
H -0.834415078 -0.210805371 2.362999916
C 0.795395017 0.402015835 -0.647324502
C 1.044417620 -0.277482390 -2.001169920
H -1.442444086 -1.297154069 -1.178065896
C -0.324668944 0.442992508 1.645484924
H 0.105617873 -0.389889181 -2.552819252
H 0.656140447 0.676314294 2.101406097
H -2.166684389 -1.164837837 0.487061083
H -2.120677471 1.531111836 1.078406811
H -1.281517506 2.212490797 2.489308357
H 1.768815756 0.566871166 -0.160896957
H 0.397025406 1.393708229 -0.853341162
C -0.028939992 -1.834576130 0.468301505
H 2.718692064 0.637448609 -2.401067019
C -1.139256477 1.742777109 1.516188502
