14

O 2.024255991 -2.619565725 0.685897291
C -2.845470190 1.920619965 -0.075709827
O -1.097942233 -0.750298858 1.291610718
N 1.221909285 0.758167922 -0.510794342
C 1.687100410 -1.455732942 0.705087185
C -2.052716255 1.050019264 0.125368223
H -3.554416895 2.690552950 -0.236128554
C -1.059539199 0.003715542 0.331097215
H 1.274568200 1.124671340 0.432400137
C -0.001446398 -0.032676794 -0.715323925
H -0.390387923 -0.011802149 -1.725244045
C 1.333097339 -0.697477102 -0.520678341
H 1.674020410 -0.878186643 1.638598561
H 1.786967754 -1.102006435 -1.426180243
