18

H 0.475941718 2.286954403 -0.368874401
C 0.369686455 1.270002127 -0.740563154
H 2.356332064 0.687746704 0.171081558
H -1.915538192 1.345999241 2.722284317
H 2.141699076 -1.793805122 -0.559923649
C 1.438482642 0.343463480 -0.271815002
H -0.031326711 1.160349488 -1.726117611
H -0.145424187 -2.656163216 -1.619459987
C -0.115332343 -1.156301141 0.007976227
C 1.278254986 -1.105977774 -0.807568729
C 0.150803238 -1.661675930 -1.358777165
C 0.077727117 0.299409837 0.384412199
H -0.514344394 -1.858000159 0.736857235
H -2.339281797 0.174656808 1.445858598
O -0.332099646 0.724385083 1.620057225
C -1.713322759 1.039014935 1.694895387
O 0.793910980 -0.959015429 -2.349884748
H -1.976168394 1.858956814 1.019561529
