15

H -1.574086070 -1.822300196 2.046466589
H 1.228505135 1.563387394 -1.738256693
C -0.454800427 3.476938725 0.224833593
N -1.367809772 -2.291591644 1.183971524
H -1.221556067 -3.269906282 1.276701927
H -1.053780794 4.281941414 0.576023936
C 0.477834344 0.116317622 -0.386421680
H 0.410090178 -2.928650379 -1.197716594
C 0.226120800 -2.007005930 -0.693236887
C -0.508535564 -1.594660401 0.378632814
C 0.212277055 2.562224627 -0.182252407
C 1.055244327 1.475778103 -0.661104620
H 2.041569233 1.544314146 -0.194289252
N -0.319440603 -0.234235749 0.570684850
O 0.848368049 -0.872551680 -1.204037309
