14

C 1.364419222 0.015580993 0.189827248
H -0.573404431 1.053863525 1.987630367
C -0.644277632 0.091983609 1.442240000
O 0.626244426 -0.499296904 1.287982225
C 0.720561206 -0.421328783 -1.134812355
H -1.249669433 -0.591377616 2.056581020
C -0.756370485 -0.050688665 -1.208348393
H 0.789874971 -1.516882181 -1.235452056
O -2.495200157 0.882716596 0.165618762
H 1.424270749 1.116592884 0.239114240
H 1.231147170 0.016709186 -1.986665368
H 2.371973991 -0.391686052 0.277780026
O -1.407146454 -0.071149550 -2.216629744
C -1.402423382 0.364962935 0.135133937
