15

C -1.379228354 -1.430679560 -2.077104807
C -0.803425968 0.308984041 0.971990466
H 2.218024254 0.729020357 2.267386198
H 0.578763902 -1.343913078 -2.795099258
C 0.164732337 -0.406503856 -0.881134033
H -1.485873699 0.551369786 1.775769591
H 1.821631551 2.253158808 1.498248219
H 0.782987773 1.619900584 2.784821987
C 1.393174052 1.350390553 1.917318225
C -1.030322075 -0.360387802 -0.215134829
N 1.173443675 0.191739559 -0.251793355
H -1.924852133 -1.957581758 -2.830812931
C 0.578745246 0.617592990 0.888985991
O -2.007373571 -1.012564778 -0.980096817
N -0.080426157 -1.110525966 -2.073345184
