19

H -0.763919473 2.303244352 1.516817331
H -1.723814964 0.274287790 -1.274328113
H -1.994334221 2.123500824 0.253716797
N 0.979204834 -1.273672223 1.252648711
C 0.358262926 -0.068932980 1.521244168
H -0.090185881 -1.684456587 -2.092867136
H -1.711663961 -0.000060990 1.364979386
C -0.983153343 1.843288779 0.567160726
H 2.890731335 -0.307163477 -2.117381811
H -1.725932598 -1.282720447 -0.485409051
H -0.282027930 2.199826956 -0.175837442
C -0.897077203 0.316162199 0.713505864
N 1.129107833 -0.129163221 -1.509798527
O 0.720866203 0.643486142 2.442000389
C 0.052647077 -0.805123746 -1.462340474
H 1.734953880 -1.429800391 1.903687358
H 1.287138700 -1.457692981 0.304363668
C -1.127691865 -0.392774850 -0.647234917
O 2.146888494 -0.872235060 -2.074927330
