17

H 2.086498499 0.064378254 -2.027453899
C -1.414506555 0.606553495 0.612159014
H 0.774155676 -0.981814504 -2.617885590
H -1.630974770 -0.725289643 -1.268143654
C 1.342715621 -0.685297012 -1.734093785
H -0.000030807 2.264694691 0.314522922
H -1.707809448 -1.569743395 1.386898518
C 0.828011692 0.250914872 0.719329298
C -0.963981211 -0.380357027 -0.494960278
H -2.424504280 0.990163386 0.647182405
H 1.875514984 0.392493129 0.982562840
H -0.172061265 1.735164046 2.015377998
C 0.461795568 -0.202389330 -0.654826164
C -0.181031629 1.412843227 0.974997878
H 1.923730731 -1.566386223 -1.401268721
C -1.043107390 -0.807442367 0.998169541
O 0.245583951 -0.798485518 1.547431350
