17

O 0.836359799 1.591391325 1.362568498
H 2.087531805 -0.241345853 2.158624649
H -1.889606357 1.940801263 -0.959529936
H -0.496097237 1.940240860 -2.068087816
O 1.841098309 -1.050766945 1.703528166
C 0.561396599 -0.818447232 1.181775689
C 0.270611823 -1.589836955 -0.099544100
C -0.678281844 -0.671959341 -0.878768265
H 1.212216616 -1.730528712 -0.639407694
H -0.366623312 2.719370842 -0.469045579
H -0.212190405 -1.041982174 1.931263804
H -1.732891560 -0.879933238 -0.657178044
N -0.312772721 0.651801109 -0.411794394
C 0.382361621 0.641006052 0.754762650
H -0.555990815 -0.755906761 -1.968038321
H -0.150446951 -2.580162764 0.071694091
C -0.796675622 1.876258492 -1.012823343
