21

H -0.141532093 -1.145940542 1.907135367
H 0.318545640 0.265836000 -1.698587775
C -1.971044540 -0.997447371 -0.039271552
C 1.453063011 0.139016315 1.289224148
H -2.406061411 -1.652972221 0.709610045
H 1.457807064 1.881834269 -0.175583392
H -2.674139738 -1.724245071 -1.978581309
H -3.592925549 -0.355536580 -1.326939464
C 2.049006462 1.303740263 0.530610263
H 3.381932020 -0.479578167 0.341355771
H 1.919085383 -0.038052145 2.260748386
C -0.855680764 -0.281257004 0.107456438
H -0.490424365 0.560937047 2.041142464
C -0.638399422 0.487563193 -1.196022153
C -2.574472904 -0.786032557 -1.400908470
C 2.380499363 -0.108483829 0.119213372
H 1.990485907 -0.463899761 -0.822158933
O -1.701789260 0.103198253 -2.067494869
C -0.032834791 -0.191270739 1.366062403
H 2.793443203 1.903059244 1.054707885
H -0.664563298 1.579531789 -1.021718383
