16

H -1.314338803 -1.728537798 -1.219684482
C -1.050030351 -0.668507457 -1.327755928
C 0.236357838 -0.339492202 -0.571206868
H 1.585628867 1.408599615 -0.542350352
H 1.957014561 -0.329263955 1.621255994
O -0.744794428 0.929674029 2.612168550
H -1.888377070 -0.074604593 -0.959218323
H -0.591293871 -1.408825636 1.155214071
O -0.092707597 1.689983964 0.610796869
C -0.311608970 0.697022915 1.520363688
C 0.139061615 -0.637739420 0.934607506
H 0.073278323 1.700942159 -1.423660040
O 1.339052916 -1.059741139 1.557031870
H 1.082489252 -0.889537334 -0.999591410
H -0.940395474 -0.468263030 -2.396881580
C 0.520662963 1.178290248 -0.571088731
