19

C -0.328633130 -0.148198098 0.124269322
C 0.515813828 0.332352757 1.811432004
H -0.099964119 -0.568336606 -2.956814051
C -0.871786177 0.714034379 1.295442104
H -1.122018933 1.750991821 1.098463297
H -1.668528676 0.196853057 1.823448300
H -2.114035130 -1.303396463 -0.202059805
C 0.075387239 -1.241104960 -2.146125793
H 1.487073898 2.169455290 1.028778672
H 0.762588799 0.263258010 2.879308701
H 1.121915102 0.741229117 -1.371533990
C 0.796348035 0.656332552 -0.371598780
H 1.075523973 -1.595793009 -2.067600965
O -0.868919432 -1.940803289 -1.624435902
H -1.824001908 -0.062026545 -1.432549953
H 2.517489195 0.726566017 0.928526402
C 1.485759497 1.093481421 0.857156992
C -1.325078249 -0.832653165 -0.817259192
O 0.385066092 -0.952241719 1.143152118
