13

H 1.431774139 -2.319903612 -0.522208512
N 0.464813977 -2.052401304 -0.412280023
C 0.286623567 -0.712661088 -0.190038517
H 0.012009606 -2.624678135 0.284861535
C 0.753396094 1.397508740 -0.292190045
O 1.258161783 0.154852450 -0.587806880
C -0.735352993 0.036295809 0.348331690
N 2.199147701 3.440147161 -0.863719165
H -2.512908697 0.337691993 1.212621331
H -2.392276764 -1.129396200 0.418676525
C 1.552752376 2.518312216 -0.602024794
N -1.895765185 -0.417815238 0.942926168
N -0.422375679 1.372047544 0.262850463
