13

H -0.556038737 2.767290115 0.413483113
C -0.592562497 2.097532988 -0.441180736
N 0.601291835 -1.750906348 0.703694582
C 0.172148526 -1.525895953 -0.544832408
H -1.610062957 2.064671516 -0.839317322
H 0.057047773 2.456623077 -1.225905657
O -0.250821024 -0.207559720 -0.909425557
C 0.680517972 -0.769954860 1.611326814
O 1.042540669 -0.812854707 2.745343447
C -0.173599869 0.737200499 -0.034489442
H 0.313736528 -3.266960859 -1.152348280
N 0.050466083 -2.360293627 -1.497538090
O 0.265335500 0.571107805 1.171189427
