17

C 0.197788522 0.013986118 1.329020381
C -1.202421188 1.446195722 0.231212035
C -1.673936963 -0.835315585 0.352288634
H 2.569596291 0.296726286 -0.419867873
H -2.700960636 -1.171392083 0.408811122
H 0.356495529 -0.915763378 1.889952540
C 0.442354351 -0.106365822 -0.217805102
H -2.038374186 2.134249687 0.179163948
H 0.713938236 0.854572058 1.802705407
H 0.271501184 1.958247304 -1.318513393
H 1.830255508 -0.448943079 -1.844101429
C 1.825675845 -0.438353956 -0.748992205
C -0.686926126 -1.119069695 -0.510767877
H 2.152413368 -1.432256937 -0.405681014
C -0.139465451 1.298304081 -0.559054315
N -1.248227119 0.301225632 1.161486149
H -0.669706762 -1.836045980 -1.329856873
