19

C -1.093417287 -0.064973556 1.993301392
H 2.507797480 -0.690002739 0.889439404
C 0.456228018 1.215978742 -1.188784838
O -0.021619203 -0.923358738 1.585990787
C -0.797615170 0.499415308 -1.481379390
H -2.028556108 -0.275567770 1.467813373
C -0.523037195 -0.923363745 -0.889363110
H 2.258984566 -0.929703176 -0.904713571
H -1.666170359 0.949771464 -0.969077766
H -1.048843145 0.466966957 -2.539536953
H 1.252623081 1.414203525 0.851404250
H -0.038470626 -1.559461951 -1.631809235
H 0.907827675 1.944190145 -1.830456853
H -0.835524142 0.982722938 1.808323860
C 1.871043086 -0.551819742 0.029700682
H -1.236399889 -0.232692286 3.059732676
C 1.051938176 0.736481071 0.018753134
C 0.408807367 -0.630410016 0.291458994
H -1.425595999 -1.428376436 -0.560796618
