16

C 0.717144728 -2.685045481 0.728927791
C -0.538047493 2.668466568 -1.399824262
N 0.787944674 -1.606561899 -0.234507933
H -0.629413784 1.824638367 0.592612803
H 1.188421369 -3.577127695 0.298999697
C 0.027619677 -0.628508985 -0.012073856
H -0.695733786 2.358263016 -2.437685251
C -0.785190940 1.514622569 -0.444173574
H -1.817518711 1.148099303 -0.527512431
H 0.488966584 3.012853384 -1.311263323
C 1.436167717 -2.357396364 1.990785837
O 0.107812524 0.460846961 -0.792413771
N 1.971698880 -2.079283237 2.965436220
H -0.733667493 -0.586637497 0.781099856
H -1.214824438 3.494508028 -1.181802750
H -0.311379284 -2.961736441 0.983394921
