16

H -1.424199700 0.795362473 2.079632759
O -0.502157867 0.580648363 2.293420315
H 0.862425804 -0.191107213 -1.986470699
H 2.948742867 -0.655810297 -0.383422077
C 0.175281778 0.309372723 1.159627080
H 0.555660546 -1.683775187 -1.106982708
C -1.827933669 -0.136048093 -0.459031940
C 0.748311043 -0.602298975 -0.978304863
H 2.216786861 0.328680366 1.957904935
N -1.227215409 1.154659152 -0.753119469
H -1.037343740 1.249558568 -1.752673507
C -0.372944206 0.088211827 -0.187156469
H -2.529398918 -0.159054101 0.370896757
C 1.952771664 -0.392538577 -0.095599577
H -2.109126568 -0.794079900 -1.279428482
C 1.570339799 0.108218931 1.120707989
