17

H -0.603121877 -0.426910818 -1.909685969
C -0.358020544 -0.283311427 -0.858223677
H 1.491099596 -2.127354383 0.746086657
C -2.187564373 1.480954885 -0.410717577
H -0.630154610 -2.426758528 -0.448081046
C 1.147553325 -0.234073803 -0.416180342
C 0.842627823 -1.260450363 0.708900273
H 0.053877972 2.476194143 1.069633484
C 0.146475479 1.670936346 0.345609307
H 2.169617414 1.363980770 0.551704526
H -1.420029998 -1.409969568 0.768865168
H 0.807216048 -0.790387452 1.704344153
N 1.349836349 1.147387147 0.006202953
H 1.906741023 -0.549163818 -1.145053506
C -0.866645813 1.028180242 -0.297511905
N -3.278974771 1.835244298 -0.513453186
C -0.570533872 -1.494496822 0.097560264
