16

C -0.191690087 0.446027368 -1.649878740
H -0.871616244 -1.786562085 0.926339447
H 1.695008159 -1.534054041 -1.066911697
O 1.040193081 0.051943272 0.249056920
O 1.848900318 -0.877556264 -1.710753560
H 0.491283000 1.514806032 1.875169039
H 1.855255365 1.096941233 -1.334267020
C -1.050773263 0.466513127 -0.643295407
O -0.345144957 1.486104608 1.407960653
C -0.319364011 0.284321368 0.666293919
H -0.419892788 0.549761713 -2.689647198
H -0.164497852 -1.028031349 2.369005919
H -2.122263670 0.608771563 -0.677435458
C 1.205362201 0.235866725 -1.140024424
C -0.827625334 -0.875075221 1.515316248
H -1.823133111 -0.639777899 1.903071165
