18

H 0.917317152 -1.225463986 -1.671282649
H 0.109452255 -2.079678297 0.776353657
C 0.364206463 -1.057357073 1.084661841
H -1.507909894 -1.332801580 -1.003451109
H -0.003645509 2.204758406 -1.133967161
H 2.020505428 -0.046184957 -0.875283003
O 0.688300312 0.690252423 -2.136957884
C 0.194347560 1.313184023 0.448639691
H -1.738442779 0.409914017 -1.269018412
H -0.095143765 0.000802304 2.659316063
C 0.980005145 -0.195356756 -1.247178555
H 0.847832024 1.514507890 1.281223059
O -0.260475844 2.375423193 -0.194020614
C -0.011186143 -0.065099008 -0.049659040
H 1.452193141 -1.017045140 1.276818037
C -1.443900228 -0.339463711 -0.531322837
H -2.151121140 -0.313334346 0.306962878
O -0.362334579 -0.837057710 2.278166294
