16

C -1.570361495 1.784108281 -0.631677508
H -0.950553596 2.060916424 -1.491294861
H 0.113813795 -1.689940095 1.993109465
C 0.005028516 0.278375953 0.175398588
C -0.218862087 -1.272294641 -0.146739930
C 0.681190073 -1.612702727 1.062800527
H 1.339498401 -2.480203629 0.932515442
O 0.699607849 -1.161881685 -1.259487391
H -2.116231203 2.675272465 -0.279991210
C 1.247993588 -0.212469339 0.867454290
H 1.883510709 0.376598656 1.524836183
H -2.294061422 1.023658395 -0.941565096
C 1.217954278 0.018475017 -0.663785040
H 1.881695032 0.661326170 -1.219569921
O -0.779351175 1.346777558 0.456283689
H -1.140870810 -1.796016574 -0.378287017
