17

H -1.895882130 0.421678305 -1.521289825
C -0.817872703 0.333811283 -1.303200006
H 2.608057499 -0.528236926 -0.230364993
C 0.864728987 0.163073346 0.623378932
C -1.844335079 -1.771291852 0.537174702
H 1.007377744 -0.557836354 1.420565248
H -1.905379176 -2.579743147 1.305295587
C -0.605178237 0.316959351 0.216508642
H -0.458974540 -0.591462135 -1.745827794
H -0.294968337 1.181264639 -1.755690336
H 2.657558918 1.316941261 1.250218272
C 1.862041593 1.259564161 0.514615834
O -2.321411371 -1.969002724 -0.571670711
H 1.551312923 2.226236820 0.107243955
N 1.869518757 0.145593747 -0.448696613
N -1.333672285 -0.657954693 0.995519996
H -0.942921698 1.290404677 0.606218696
