17

C 0.644724846 -1.102726579 1.193024516
C -0.149443433 -0.746158123 0.080803715
H -1.705371857 2.248917341 -0.598357558
O 0.423827976 0.990214646 -1.537419081
C -0.492107093 0.501636803 -0.607270539
H -0.401156396 2.281433821 0.571207404
N 1.119484782 -1.379459977 -0.053489737
H -1.824865103 1.293289781 0.877954066
H 2.804659128 -1.116898537 1.274335146
H 2.104795218 0.441807479 0.647629321
C 1.973661184 -0.601883411 0.872290730
C -1.277347445 -0.785678089 -0.827968419
H -1.137884855 -1.315333605 -1.754874229
H 0.385957837 -1.723992825 2.029220343
H 0.931206584 0.260539651 -1.870454669
C -1.146977186 1.644348383 0.103281058
H -2.253163815 -0.890056610 -0.399912179
