14

C 0.222505644 -0.083502203 0.036912005
H 2.250771999 -0.757615685 -0.551562071
C -1.134824991 0.297868073 -0.575890958
H -1.199723840 0.207327083 -1.658105373
O 0.378952622 1.316973329 0.511752129
H 0.047645058 -2.068677425 0.855228901
O 1.225101829 -0.075396851 -2.148549318
C -0.801380098 1.697881103 -0.092367150
H 1.223455906 -1.035850167 1.691494942
H -2.010780096 -0.137462854 -0.088936813
C 0.248057336 -1.044416308 1.201179147
C 1.323274255 -0.329964370 -0.976675808
O -1.266978979 2.787745714 -0.138901159
H -0.506076813 -0.774909139 1.934421420
