15

H 0.211080179 -0.249135301 -2.782584906
C -0.342556834 0.869559765 1.924006343
H -1.309046626 1.363627911 -0.716861486
C -1.167663813 -0.138994291 1.138669729
H -2.102702856 -0.648564577 1.339590311
C 0.547069788 0.763107955 0.693829656
C 0.157705694 -0.773064256 0.583327055
C -0.755200088 0.586897373 -0.201438054
O -0.368087679 1.451446295 2.971586466
H 1.079724193 -1.603848457 -2.057247400
H 0.700933993 -1.628893852 0.996915638
H 1.477823377 1.242768526 0.431956142
H 1.530295730 0.067501739 -1.624232650
C 0.685895622 -0.596968710 -1.867101789
N -0.345270604 -0.705440402 -0.830415070
