17

H 1.181376696 0.347045302 -2.212076426
H -0.831791818 -1.903788924 -0.362486750
C 1.420910835 -0.773841500 -0.365762383
H -2.201232672 -0.039052427 1.200031042
C -0.608030915 -1.418161154 0.600236952
O 2.065998077 0.468410015 -0.266331613
H -0.944243908 -2.060173750 1.413713098
C 0.946202576 0.350920737 -1.154061198
C -0.300039619 1.183353305 0.797090948
H -0.386572599 2.039552927 -1.289570451
H 1.986440182 -1.532006621 -0.880995393
H 0.318580836 0.948496580 1.630684018
O 0.801532745 -1.305914164 0.776288211
C -1.276018500 -0.031398162 0.625936389
C -0.287268192 1.113130331 -0.734631240
H -0.374957919 2.270917654 0.986101925
O -1.510885954 0.342510045 -0.764167130
