17

H 0.321149230 -1.564482331 0.604215503
C -0.573767781 -0.433971226 -1.071473598
H -1.057691336 -0.043831311 3.380661011
H 2.292403221 1.475396752 -1.151841402
H -1.364357233 0.890456378 1.269502163
H 0.130467206 1.007928491 -2.591630936
C -1.035470724 -0.144736692 1.433124065
C 0.530051708 0.244071037 -1.919140935
C 1.466243863 0.816533864 -0.886012018
H 1.064718962 -0.472111195 -2.554696083
H -0.875212193 -1.411533237 -1.469344616
H -1.924583435 -0.796362042 1.354784131
H -1.469940066 0.189495429 -1.067997456
H 1.729550123 0.652262270 1.248781323
O -0.414454699 -0.273070663 2.704087734
C -0.008735446 -0.527318954 0.371483952
C 1.189628601 0.391273379 0.345497102
