17

C -2.208791971 1.367125869 -2.034626007
H 1.846220851 -2.439712763 0.022405056
C -0.082694411 1.172948718 -0.440243691
C 0.007866260 2.300866604 0.505638778
C 1.141613960 -0.587255061 1.133789897
H -3.058230400 1.431508541 -2.660962582
H 1.067024112 -0.543759465 2.219087839
N 0.061888244 -1.347898841 -0.540824413
C 0.962334514 -1.978842258 0.463355511
C -1.241749287 1.298319459 -1.329153895
H -1.028580904 -0.191534758 0.945320487
N 0.089688189 3.149256468 1.282625794
H 0.469501466 -2.696693659 1.126096129
H 2.039952993 -0.066839688 0.809677005
C -0.114991263 -0.168792069 0.324230522
H 0.833175957 1.167650461 -1.059472919
H -0.784227848 -1.866347671 -0.766943276
