14

O -1.023729444 -0.177558735 0.936011434
N 1.875903845 0.271610975 -1.076796770
H 1.600657701 0.423295856 -2.045100689
N 1.029960871 0.708054602 1.116153836
H -1.134633422 -1.994243503 -1.390431046
C -0.446428239 0.695188105 3.048646688
C -0.093574584 0.423014283 1.714090824
N -0.728143334 0.916874945 4.160490036
H -0.741557479 -0.597135425 -2.373270750
C -0.420210153 -0.287683278 -0.296226859
C 0.851570904 0.237319589 -0.166627541
C -1.177815318 -0.903851449 -1.412835240
H 2.629192829 0.891505241 -0.809752524
H -2.221194267 -0.606390893 -1.404351711
