18

N -0.040301234 -1.240727544 -1.909709334
C 1.010738969 -1.137945771 -1.048229337
H -0.092523545 1.499069691 -1.486882091
H -0.251900345 -0.485518485 2.799374819
H -1.700672150 -1.225917101 2.091131687
H 1.447712898 2.168135881 -0.882825851
H 0.155099735 -1.637057543 -2.819521666
C -1.082870722 -0.317941993 2.104039431
C 0.768423319 -0.478300005 0.292098016
H -1.379439235 0.074241892 -0.019663248
C 0.426645994 1.881953597 -0.595892549
H -0.092893869 2.782200575 -0.254716426
H -1.698687673 0.489221454 2.507852077
H -0.950241029 -0.833001673 -1.755799532
C -0.580048859 0.004631786 0.723134935
N 0.516353786 0.942880750 0.519106984
H 1.438573599 -0.903095722 1.040882707
O 2.106030464 -1.582830667 -1.304380178
