17

C -0.117063984 -2.841887236 0.534011543
H 1.097436547 -1.137553096 1.050109029
H -0.342765301 2.756331921 1.400579691
H 0.497218519 -3.559056997 1.090241671
C 0.291666090 2.582027912 0.509403050
H -0.703566670 1.550147057 -2.240610838
H 1.200241923 3.184081316 0.561575174
H 1.564390182 -1.939090371 -0.452925801
H -0.969434559 -2.556376934 1.156791687
H -1.948378921 1.461820960 -0.978009105
C 0.702054262 -1.616359115 0.142495558
O -0.399462640 2.838023186 -0.669892132
C -0.870610297 1.586015105 -1.161394954
O 0.657042742 1.192737222 0.514755845
C -0.073972009 0.537064612 -0.434074819
H -0.505543649 -3.337483883 -0.351550698
N -0.079252400 -0.700442016 -0.671504080
