16

H 2.081635952 -0.431217521 -1.839377165
C -0.073060483 -0.068408221 1.208493114
H 0.815736949 -2.101551771 -0.423482746
H -0.610276639 -1.874672771 -1.409238577
C -0.694476366 1.196852088 1.414809585
O -0.736375809 0.801168561 -0.702161729
N -0.827901185 1.894960284 2.598475933
C -0.140347928 -0.256221920 -0.127446920
C 0.285441726 -1.363030553 -1.026271462
H 0.346546054 -0.734918654 1.967007637
H -1.483644009 2.672487736 2.517085314
H -1.051133156 1.307592988 3.398992538
H 0.629796624 -0.146302566 -2.797082663
H 1.411308646 -1.732453346 -2.855229378
C 1.158795834 -0.891383290 -2.204707623
N -1.112046361 1.727098942 0.280134231
