17

H -0.846014321 -2.258225441 -1.752122045
C 1.311286092 -0.061594725 0.704690278
H -0.387455940 -0.484862596 2.136573792
C -0.195177943 -0.214765683 1.113093615
H -1.883840322 -1.545382261 0.433577776
C -0.432065457 1.031244397 -0.815133393
C 0.910074472 1.163374662 -0.085934691
H -0.874008894 2.067272425 1.201730132
C -0.431346834 1.260276079 0.663731098
H 1.909921885 0.217691317 1.574636936
H 0.702224672 -1.390484333 -1.328422904
H 1.556383848 1.987056375 -0.322658420
H -0.644044042 1.849355459 -1.491481781
N -1.137527347 -0.218687385 -1.122241020
C -0.982878208 -1.043919325 0.087504134
H 1.796921968 -0.889611661 0.204392225
C -0.372453809 -1.468737006 -1.201935768
