20

H -1.841077447 0.545106947 2.415314913
H 0.752680480 1.810451984 -2.077461004
C 0.889338315 -1.457440734 -1.585962057
C 0.069275104 -0.301971644 1.690179348
H -0.668796837 0.767130017 -2.286602974
C 0.748430550 -0.128023610 -0.874494135
H 1.287115812 -2.225487709 -0.921478271
O -1.280863523 -1.029351473 3.549575090
C -0.322458744 0.026214857 0.246513665
H -0.087664336 -1.807934642 -1.955777407
H -1.540400386 1.905901909 -0.221999109
H -1.209124804 -0.557210207 -0.018276462
H 1.561096430 -1.377972603 -2.442640543
C -0.527069986 1.500118971 -0.221821532
C -1.109607935 -0.265806705 2.628140211
C 0.099488102 1.094507575 -1.587429166
H 0.812055528 0.430606812 2.033030510
H 0.114820741 2.192857742 0.330012441
H 0.522606373 -1.292811036 1.761565804
H 1.730156183 0.171113983 -0.460388482
