17

N 1.285577297 -0.874899447 0.113716923
H 0.370361954 2.281927109 0.590460718
C 0.305198997 -0.115125708 2.320655107
C -0.724675953 -0.314095855 -1.360708714
H -0.446715444 -0.314923972 -3.304304600
C -0.155509010 -1.020664096 -0.145266131
H -0.693384111 1.939301014 -1.776773691
H 0.452061713 -1.154812932 2.616044283
H -0.598194897 -1.970892429 0.170327365
H 1.711714268 -0.380304307 -0.668164670
H -0.660125017 0.225058287 2.733859539
O -0.061815124 -0.762970746 -2.552705765
C 0.080260642 1.328418016 0.144794300
C 0.331606686 0.016200306 0.824619591
H 1.091040730 0.485461235 2.787532330
C -0.482229710 1.164293170 -1.050383449
H -1.805172801 -0.531969786 -1.443702579
