18

H 1.026332617 1.108036876 2.962209702
H 2.168978214 0.273005754 0.197998688
C -1.004142046 -0.774845123 -0.983409941
H 0.523184180 -1.709938169 0.260063261
H -0.992916822 -1.467880487 1.151843905
C -0.358968884 -1.070635319 0.352919132
C 1.445316195 0.830908895 0.794717968
H -0.698131204 0.991714358 1.068857908
O -2.293016434 -0.757696033 -2.763785362
H 0.458239973 0.629408956 -1.755561233
C 0.010749070 0.453445315 0.418006510
C -0.401138157 0.599570692 -1.081538558
C 1.717376232 0.573209107 2.270648956
H -2.894871712 -1.364269376 -3.192068815
H 1.602603674 1.901861668 0.623280287
H -1.076545358 1.421726942 -1.348721027
N -1.813237071 -1.489372015 -1.664243579
O 2.580188274 -0.148251846 2.688782215
