16

C -0.365349144 -0.825807333 0.420119286
O 1.196568489 1.867128372 -0.109641425
N -0.931443155 -1.922873378 0.670130968
H 0.978295863 1.191364408 1.919882059
H -0.629278302 -3.779152393 0.729158282
C 0.744180560 0.846647739 -1.045680404
H 1.265010715 0.872905672 -2.003078938
O -0.071446426 -3.013401508 0.528422534
C -0.787530303 1.011324883 -0.972640574
C 0.982952237 -0.288685083 0.052203942
C 0.682978213 0.991430521 0.891174436
H -1.348444462 0.329554737 -1.612295389
C -0.853174329 0.607010663 0.524785757
H -1.073343873 2.049725056 -1.164489388
H 1.916994452 -0.840024590 0.041793186
H -1.706970215 0.902852297 1.130155444
