16

O -0.002482633 -0.417118490 2.096770763
H -1.284520626 1.020856380 -2.623555183
C 0.121448748 -0.930311263 0.763814211
H 1.177758455 -2.198985338 2.245131254
C 0.226737469 0.117367566 -0.326976866
O -0.104610711 -0.438936561 -1.620055437
N 2.574380159 1.320022702 -0.352077127
C 1.551414013 0.770196378 -0.344654828
H -2.215774775 -0.212693676 -1.744319558
H -1.695365191 0.941624403 0.425516218
C -1.303894401 0.396872371 -1.721927285
C 1.152267814 -1.215499520 1.778316379
H -0.598572731 -1.718072653 0.507717073
C -0.987474024 1.095576167 -0.384501398
H 2.099037409 -0.674099326 1.747918487
H -0.710348845 2.143200874 -0.447116822
