17

O -1.512776494 -2.418133974 -1.777167201
H -2.173977613 1.158150673 0.156569362
H 1.616417289 2.300181150 1.916187763
H 0.744128823 -2.571555376 -1.436091781
H 1.746882200 -1.107105494 -1.445284963
N -0.201705158 -0.932721853 -0.619317293
H -0.997533381 3.044236422 1.690970898
C -1.374477744 -1.371660829 -1.190855861
H -2.204485416 -0.659958661 -1.051829696
N 1.001469612 0.642930269 0.722559750
C -0.516048074 2.177810669 1.259050965
C 1.024785399 -1.687354684 -0.875083268
H 1.485798001 -2.001035452 0.064407475
C -1.143222570 1.178708076 0.449755341
H 1.879879713 0.172198951 0.609006524
C 0.794588327 1.823409796 1.397931576
C -0.169723094 0.251900315 0.129190773
