17

C -1.037371159 0.323471844 -1.235848188
C 0.411171675 1.802963138 0.582597494
C 0.070897363 -1.741924763 -0.088985749
H 0.747065306 -2.217612743 1.952962041
C -0.839277923 1.387252450 -0.146002054
H -1.118587732 0.719014585 -2.252939939
C 0.079709351 -0.560330689 0.551677823
H -0.385965079 -2.675391197 -0.319654614
H -1.968482614 -0.208580971 -1.022224307
H 0.398653090 2.676063061 1.219530463
O -0.379762739 0.703306258 1.055526972
H 2.052077770 -1.413942933 0.988789976
C 1.000426650 -1.586534381 1.125195146
H -1.659201622 2.093542337 -0.064864457
C 0.175805375 -0.537623882 -0.964491487
H 1.085761428 -0.359152585 -1.529311776
H 1.367081046 1.595480919 0.148043022
