16

H 1.661010504 -0.142507821 -1.145708442
C 1.393215060 0.333805680 -0.214091301
C -0.104750127 0.687394083 -0.059789218
C -1.046066999 0.387525350 -1.100504398
C -0.384245604 1.945485473 0.702025354
H -0.724098682 -2.160816908 1.014587760
H 0.085475095 -2.099766493 -0.554024756
H 2.067906618 1.076532722 0.174418792
C -1.852948189 0.182129174 -1.976841688
H 0.994650841 -2.542426586 0.888427258
H -2.547476768 -0.015895184 -2.737358332
O 0.388177156 2.450889111 1.470508575
H -1.384868860 2.379894257 0.486889273
C 0.561580896 -0.446281046 0.753126860
C 0.206657976 -1.885576606 0.512495220
H 0.685781062 -0.150385275 1.785839438
