19

H -0.257533520 -1.004328847 2.417690277
H 0.519971669 2.255005598 0.715532184
C 1.243441582 -0.956507504 -0.328879744
H 2.125200272 0.120692082 1.515405893
O 0.502140284 -0.269770265 -1.332473159
H -1.887145996 0.597056091 1.005802870
H -1.905266404 0.766251922 -2.145364285
H 2.182133913 -1.314755440 -0.753571689
C 0.349623084 1.216758609 0.516331911
C -1.216993690 1.422038674 -1.617344022
C -0.035016991 -0.796043277 1.363153338
H 0.903917670 -2.739696264 0.915596962
H -0.602226615 1.935523033 -2.361480951
C -0.347900629 0.648555696 -0.667689264
C 0.332997710 -1.960830569 0.400163114
H -0.443627000 -2.415097952 -0.201129586
H -1.806889176 2.170274019 -1.083367705
C 1.220543027 0.005530511 0.915292382
C -0.877368987 0.319343507 0.726331413
