17

C 1.084694028 -0.657228470 -0.052794576
H 1.526036978 1.665807366 -0.182315826
H 1.328678966 -0.752331257 2.134310246
H -0.204327881 -1.499955058 1.591673732
H -2.549227476 0.564614415 -0.851959646
C 0.523794591 -0.716079473 1.382700682
H 0.276964396 -1.485020399 -2.030609608
H 0.096878409 1.409728050 2.031877279
O -1.319043040 -1.123773098 -0.692273736
C 0.776925385 0.887275279 -0.104427919
C -0.048036933 0.717792571 1.202679753
C -1.564319253 0.278494090 -0.474729240
C -0.270421684 0.660193682 -1.235358357
H -0.293155164 1.279064059 -2.131649971
O -1.429978013 0.706004024 0.857025087
C 0.004380897 -0.858632743 -1.189742208
H 2.060155869 -1.075953126 -0.254405558
