17

N 1.657921910 0.519464076 -0.111357503
C -0.466640323 -0.448946893 0.901970208
H -1.620755076 1.923746705 -2.739614248
C -0.411985874 0.660152376 -1.317026377
H 2.168724537 0.035187755 0.594302475
C 0.370864451 -0.166615263 -0.383821577
C 0.706359446 -1.448539495 -1.022973299
H 1.209391952 -3.437589884 -1.930763721
C -1.055372000 1.330819607 -2.058125019
H 1.508249521 1.491843581 0.082275704
C 0.972524285 -2.510226965 -1.502699971
H -0.003493685 1.368000269 2.018540382
H 0.138741374 -1.107089758 1.535224080
H -1.495468855 1.462436676 1.070266604
H -1.357694745 -1.005435228 0.614637673
C -0.876766622 0.803406000 1.678410292
H -1.444599748 0.529386580 2.570754766
