22

C 0.813404262 0.779484868 0.003189845
H 3.178751469 1.434602737 -1.009613752
H 0.854088068 1.333950639 0.951834738
H 0.579896808 -1.857175469 0.777788281
H 0.715643406 1.522785306 -0.809551239
C -0.426916242 -0.113730751 0.012197149
C 3.156942129 0.718058586 -0.178142577
C -0.283808023 -1.247814536 1.038794041
H 0.195059329 -1.224624157 -1.741309524
H -2.887535810 -0.397349119 1.262372255
H -1.169755220 -1.884677887 1.065296054
H -0.897786796 0.128559515 -2.096790552
H 3.988225222 0.015517093 -0.294514626
H -1.523387790 -1.382951975 -1.404685616
H -3.150753498 -0.015895018 -0.460331589
H 3.296719074 1.276886702 0.759352326
H -0.125804469 -0.830768943 2.039658308
O 1.958957553 -0.023504358 -0.169185907
H -3.373990059 1.236422658 0.773564458
O -1.448126554 0.839303076 0.383512169
C -0.681786060 -0.681725681 -1.392875552
C -2.768037081 0.374646991 0.489441335
