17

H 0.649781823 1.832810283 0.772287071
H 2.007703543 0.679680765 0.785449088
N -0.116735749 0.594205797 -1.831664324
H 0.135614261 1.576319218 -1.908706546
C 0.928679883 0.777877092 0.662977576
C 1.090393424 -0.256345183 -1.810654759
C 0.363585919 0.039653689 -0.568299055
C -0.470911354 -0.897060394 0.302367270
H 0.560042143 -0.632442594 2.423354864
C 0.086838350 -0.164944932 1.563780069
C -1.814857364 -0.294205606 0.749936879
H 2.064105749 0.206056386 -1.974142194
H 0.970272899 -1.225263000 -2.302748442
H -2.548760414 -1.038946390 1.097821712
H -2.297765732 0.382541776 0.035733517
H -0.398623258 -1.970205069 0.127785906
O -1.209363699 0.390267879 1.874722242
