15

H 1.435024738 -0.018196695 -1.794406056
C 1.007272243 -0.497643888 0.771100938
C -1.588225961 0.335113257 0.887604058
C 1.512057543 0.897883236 -1.210956931
H -2.350502491 -1.092500210 -0.254301637
H 1.615512490 -0.722679794 1.632129431
C 0.181281984 -1.345870614 -0.083439648
O -2.611509562 -0.443927437 0.366843253
H 0.997273266 1.692011595 -1.735354900
H -1.580271006 0.220166102 1.966525435
C -0.239641994 -0.024465000 0.369287014
N 0.954124272 0.819059670 0.148445025
H -1.775014400 1.374620795 0.656502724
O -0.120650865 -2.345538378 -0.609301269
H 2.563270092 1.151967049 -1.110677123
