20

N 0.764071345 -0.112784058 -1.442106605
H -1.627901793 1.307262182 -1.306253076
C -2.482602119 -0.671548188 -1.158761740
H 2.894343853 1.393490314 1.948177814
H 0.430359572 -1.902276158 0.550172329
H 1.240093350 1.898702025 -0.534492254
H -2.520441055 -1.516226768 -0.463661492
C 2.439169884 0.404498339 1.920891404
H -2.077222824 -1.042606950 -2.117800474
H 2.293640137 -0.065357901 2.907800436
H -3.518282652 -0.342161536 -1.339793205
C -0.203048378 0.060341910 -0.338567525
C 1.591410875 0.008565935 0.794604421
O 2.922779322 -0.464525163 0.886447966
C 0.315505594 -0.842012167 0.790167689
H -0.253369361 -0.737228394 1.727843881
H 0.432582289 0.464077562 -2.222758293
C -1.625483155 0.468071640 -0.599075317
C 1.060594797 0.853160799 -0.336485654
H -2.076199770 0.838556468 0.333649218
