17

O 1.684154630 -1.196095705 -0.449470699
H -0.551389396 1.683034301 -2.072353601
C 0.434853226 -0.867624998 0.200306043
H -2.086964369 0.527734280 0.396405816
C -0.429630429 -1.931104064 0.584142148
H 1.307230353 1.822525620 0.970417261
C 1.733292341 -0.325876325 0.672743082
H -1.330297828 0.034822512 -1.970176220
C 0.024069238 0.522516966 -0.274464846
H -1.870916843 -3.575930357 1.179902196
H 2.340471506 -0.624623239 1.515836477
H -1.338332891 2.181250811 0.289939374
H 2.056574106 1.462490439 -0.621448100
C -0.848435819 0.847877145 -1.442149758
C 1.394474983 1.091453433 0.163629591
C -1.311910033 1.150769114 -0.035576586
C -1.207243204 -2.803220510 0.892317772
