18

H -0.154988617 -1.783225417 -1.758990884
H -2.036822319 0.210509732 -0.813139498
H -0.869374394 0.896092355 1.953580141
H 2.447161198 1.332549930 -1.058816314
H 2.763167143 -0.333082914 -0.505069137
C -1.098101258 -1.422772050 0.198201925
O 1.060104489 0.591982186 0.310176611
C -1.657813072 0.954107761 1.200599432
O -1.639401317 -2.239756823 0.874677896
C 0.111531362 -1.435728192 -0.753135443
H 3.018366098 1.045708299 0.604950666
C 0.129263192 0.123794228 -0.621918321
H 0.229043722 0.678184092 -1.573140502
H 0.995713532 -1.976505637 -0.406909257
C 2.381427765 0.660077870 -0.193479583
H -2.593675137 0.600553513 1.639099121
C -1.303856492 0.090854749 -0.008402823
H -1.781745911 2.006656408 0.911715329
