17

N 0.291178077 1.538183451 -0.586640120
C 0.354026169 -0.989334106 0.300337374
H 0.222161174 -1.988284707 0.740723908
H -1.240224957 2.093724012 0.957216918
H 2.474890947 -1.018519521 0.650311768
H 1.992918611 0.114575967 -0.616613388
H -0.356097490 -0.043163300 2.315236807
C -0.460702986 -0.049725547 1.229005456
O -1.664529085 -0.739723802 0.739290178
H -1.301726341 -1.433559775 -1.279030085
C 1.784727097 -0.851629376 -0.183085352
C -0.955459654 0.777750671 -0.851661205
H 1.992447376 -1.642576933 -0.921690941
H -1.691627145 1.186829209 -1.544272065
H 0.148923188 2.494785070 -0.910382569
C -0.913765013 -0.740588307 -0.539517105
C -0.677140594 1.291256785 0.500770628
