16

H -0.563682437 2.312566757 -0.132493243
C 1.741925120 -0.165451333 -0.190254137
N -0.458625019 -0.475963742 -0.076624617
H -2.251348495 0.457952887 -0.690058708
H -0.530085146 -2.548390388 -0.548808157
C -1.874068856 -0.221001118 0.073726878
H -2.398146629 -1.165984750 -0.011542654
C 1.464812279 -1.531131029 -0.475784600
H 1.146278024 2.493198872 0.257409126
H 2.176923990 -2.308131933 -0.708891451
H -2.088711023 0.199586347 1.062031507
H 2.711415291 0.302649796 -0.161928102
H 0.019976405 1.991808295 1.508217931
C 0.541781485 0.464014143 0.053925116
C 0.098529711 -1.683252454 -0.394081920
C 0.263025761 1.877529740 0.435156912
