17

H -1.034888864 -0.254205227 1.869364023
H 1.907008171 -0.248600155 1.418272376
N -2.795423269 1.946129203 -0.584503472
C 0.959499002 -0.695451915 -0.513089478
C 0.677990496 0.792060912 -0.859164953
H 0.574706376 0.978278458 -1.931059122
H -0.004011997 1.159009457 1.787072897
C -0.544258118 -0.938441217 -0.803642809
C -0.688907623 0.481125593 -0.177021608
H 1.300638676 1.560320139 -0.401450038
H -1.045069456 -1.758711338 -0.289198041
H 1.732536435 -1.260019779 -1.027129412
C -0.257859468 0.231275499 1.290295124
H 0.874277949 -1.674428463 1.453387499
H -0.785865605 -0.941417634 -1.866220951
C -1.853608727 1.297618270 -0.393228114
C 0.983235836 -0.674541414 1.027316451
