13

O -1.151050329 -0.585488141 1.628611445
H 0.995827377 -0.943273604 1.644133329
C -1.335129976 0.048905261 0.331485391
H -2.321531057 0.361838967 0.022210654
H 2.268241644 0.072175317 -0.591559470
C -0.296591848 -0.855484545 -0.400513649
C -0.008291544 0.871613204 0.413345307
O 1.750795126 0.327037245 -1.355583191
C 0.165892825 -0.540065348 1.064512372
H -0.105291016 0.854595721 -1.836470246
C 0.401154250 0.380660385 -0.989974082
H 0.124499753 1.844998717 0.897646546
H -0.488524735 -1.837513328 -0.827844441
