17

C -1.388626218 0.000496936 -1.349570513
C -0.483525664 0.920953751 -0.493158370
C 0.753419399 0.045873854 -0.131978810
N -0.168005705 0.702577770 3.241305590
H -1.234765768 0.161068141 -2.426718473
H 0.724933445 -2.207961321 0.141776860
C 0.204046890 -1.346633554 -0.253462523
C 1.445515275 0.422158420 1.197742701
H 1.530224919 0.178989187 -0.897272587
H 2.189772844 -0.334913075 1.440552354
C 0.535541534 0.557777405 2.339186192
H 1.972987890 1.374821186 1.092693090
H -2.455540657 0.168720260 -1.162726402
C -0.929276168 -1.383486629 -0.946686089
H -0.220878586 1.845722556 -0.994984269
H -1.006669402 1.178271413 0.431484073
H -1.469153523 -2.284435987 -1.228182912
