21

H -1.231574893 2.453785419 1.709666848
N 3.254533768 0.797021389 0.006476553
H -2.104545355 -0.313668758 -1.155089259
H 1.487475872 -1.184486985 -1.105065942
C -1.447577119 -0.940039575 -0.540887654
H -1.992035151 0.871656656 1.843570352
H -2.074574232 -2.752453089 -1.563919663
H 1.190808892 2.285884142 1.467626691
H -2.172556877 1.825609088 0.357396096
C -0.228775233 -0.181390584 -0.150720567
H -0.632645190 -2.014515877 -2.246136189
H 3.771199226 -0.070220225 -0.021736773
H -0.518921375 -2.894739628 -0.718668282
C 1.006482363 1.419437408 0.845967174
C 1.876604795 0.623343468 0.146794602
C -1.151077271 -2.224672318 -1.305720568
H -2.033365726 -1.181971312 0.361495584
H 3.644336939 1.380057931 0.743220150
N -0.270575345 0.950962186 0.645630419
C -1.472966790 1.544460297 1.163571000
C 1.099749327 -0.394059420 -0.483470649
