19

C -0.906289935 1.336649895 -0.835181713
C 1.404413581 -2.504023552 1.163402200
H -0.357516944 -0.919959366 3.126704931
H 1.442059994 -2.954669237 2.169254541
N -0.260398448 2.656887770 -0.679049969
H -1.161711216 -0.189039230 -2.382494450
H 2.432693243 -2.235653639 0.878341556
H 1.055844069 -3.270745039 0.460974157
C -0.225104883 -0.680869460 2.086633205
H -1.005662560 1.471697569 -2.985705853
C 0.518320799 -1.317797542 1.166898847
O 0.363248438 -0.632632673 -0.032666706
C -0.506938934 0.381730109 0.260818809
H -0.442575812 3.012870073 0.252512068
C -0.653639436 0.764717758 -2.237418652
N -0.866743505 0.423714340 1.494601250
H 0.418785304 0.607226133 -2.391082525
H -1.985606313 1.493852496 -0.711030841
H 0.736822367 2.556043625 -0.805510700
