15

H 2.015896320 -0.263619155 -1.528539538
H -1.542516708 -1.549456954 -0.237794220
H 1.853998184 -0.046215683 0.853228509
H 1.167441487 1.546442866 0.469105572
C 1.038380027 0.088862531 -1.175855875
C -0.494022161 -1.284254670 -0.080322467
O -1.365288138 2.003909111 -0.007446995
H -0.327206999 -0.277675658 1.878067613
H 0.731578350 0.947048604 -1.793510437
C 1.043260574 0.469805837 0.317845762
O 0.082132235 -0.968121409 -1.325174809
H -2.441977978 0.570224881 0.891633511
C -0.322182059 -0.028153798 0.806421101
C -1.457371235 0.938261092 0.545226276
H 0.017878477 -2.147057295 0.387116134
