18

C 0.643936455 -1.094266295 0.834538937
H -0.808686852 2.661213636 -1.971933126
C -1.525709867 -1.272010922 0.105753429
N -2.443393707 -1.876732707 0.631154358
H -2.558230639 -1.831566930 -0.512967765
C 0.241222143 2.496745825 -1.725179076
H 1.409141421 1.381320000 -0.332670629
H -2.304211378 -2.719722033 1.124119282
C 0.898168385 -1.777848244 1.794484973
C 0.366807073 1.539345264 -0.573440194
H 0.796147823 -2.402557850 2.588831425
H -0.139724404 1.932218075 0.310912073
N 1.927578926 -1.223535776 1.087718844
H 2.660901785 -1.050053716 1.697135806
H 0.721447706 2.103795528 -2.604368210
C -0.351592004 -0.638214469 -0.005576628
H 0.681611121 3.450643778 -1.474696755
O -0.215413779 0.321226478 -0.973817050
