18

H 1.903515697 -1.041968822 1.587051988
C -0.502945602 2.636411667 -0.998477936
N -0.952400923 -0.821484089 0.212854490
C 0.326500922 -0.594737232 0.267998010
H 0.399834394 -3.382070065 0.252036273
C 1.405377507 -1.511080503 0.729512930
H -2.562878370 0.445399821 -0.502613306
H -1.834023476 3.924243450 -1.556990385
H 2.155749083 -1.572965503 -0.066144325
H -0.016171712 3.273608208 -0.257467240
O -1.843616247 3.027993202 -1.229230523
O 0.657028615 0.658473015 -0.142212883
C 0.894024611 -2.904903650 1.099158883
C -0.527959287 1.235936522 -0.503029585
H 0.179421410 -2.850666761 1.916935921
H 0.093441442 2.683701277 -1.918134332
H 1.735712528 -3.538653612 1.408289313
C -1.510610580 0.332763702 -0.299537122
