22

C -1.289680719 0.924489021 1.513721228
C -1.613208652 0.312470376 0.131320104
H -2.045808554 1.555803776 1.968541145
H -1.004654408 0.157159522 2.236139536
O -2.234528542 -0.936624169 0.017400699
C -0.139312759 0.581627667 -0.310546070
H 0.550179183 -1.490523934 -2.085678816
O -0.047669984 1.117543221 -1.600653887
C 2.190458536 -0.174122199 -0.304374576
C -0.061036207 1.608121991 0.864618421
H 0.820792735 0.927551866 -1.954952121
C 0.552210927 -1.816920638 -1.041781187
H 1.310965657 -2.582674026 -0.925414860
H 0.725692451 -0.961000144 0.929866195
C 0.821810484 -0.622133434 -0.108091541
H 0.853607118 1.674079061 1.432019711
H 2.923809528 -0.861323953 -0.665016294
H -0.308230758 2.601784706 0.475142717
H -1.865578532 -1.517420411 0.679410696
H 2.510463476 0.749951839 0.044573918
H -0.422689050 -2.260636806 -0.843762517
H -2.227591753 1.012796998 -0.452482194
