20

C 0.778809369 -0.060242772 -0.558191299
H -2.528430700 -0.297690630 0.643438339
H 2.807096243 0.185562998 0.340085208
H 1.447029471 -3.252622843 -0.611112773
H -1.435702085 1.762241721 1.487563372
H 1.156577706 0.673084259 -1.285276890
C -0.689685583 1.687641144 0.698756397
H -1.180945992 -1.402434707 0.960689306
C 1.365436316 -2.178489208 -0.463544846
C -0.615318418 0.402970672 -0.087757729
H -2.239500999 1.708057880 -0.904861808
H -0.574293733 2.169582367 -1.485322714
O 2.000366688 -1.709818840 0.634371758
C -1.166798592 1.651807427 -0.727399826
C -1.600956917 -0.707110643 0.220635906
N 0.749407172 -1.379643440 -1.223196864
C 1.831042647 -0.268555433 0.567116976
H 1.503545165 0.078908645 1.554685950
H -1.841477633 -1.280389905 -0.679767847
H 0.233800158 2.217141628 0.919089675
