17

C 1.132313013 -0.939352751 -0.778216183
C 0.187555715 0.249208570 1.033675194
N -0.296573341 0.887222111 2.150336266
H -0.888394475 -1.899746656 -0.688093126
C 0.066665396 0.031634632 -1.334180593
H 2.037454367 -1.102225423 -1.355979204
C -0.150088638 -1.473893881 -1.359721541
C 1.264458418 -0.756834567 0.743008733
H -1.818093538 2.384624720 2.257944107
H 1.129799366 -1.705819607 1.295181394
H 0.213137910 0.567933738 -2.267498255
H -0.096678607 -1.961022854 -2.330336332
N -1.374565005 1.587652206 0.313903868
C -1.223740339 1.697871447 1.673111558
H 2.257012367 -0.389021605 1.008036733
H -2.004810333 2.139075756 -0.259812295
C -0.435452074 0.682694376 -0.101360373
