13

H -0.259858847 -1.704515338 -3.337321520
C -0.034059778 1.015791535 1.480888009
H 0.450737178 -1.093211293 -0.042152055
C -0.398690909 -0.624372184 -1.801414728
H -0.981134713 0.171158403 -2.243081808
N -0.078540429 -0.362314701 -0.490676075
N -0.024319427 -1.704788208 -2.352116585
H -1.144011021 1.397992253 -0.298366278
H 1.106080294 0.429054886 3.079688072
N 0.840426028 0.235554278 2.147236347
H -0.396467537 1.906002164 1.992327690
C -0.488200277 0.735342979 0.219871208
H 1.408039570 -0.401694477 1.645117521
