19

O -1.576201558 -0.759679198 -1.028844357
H -1.813130975 -1.063766479 1.755879045
H 0.800968111 1.654613495 -2.219444275
H 1.886380434 2.086875916 -0.875677884
C 0.000067289 0.107740581 1.490451694
H 0.282184392 -1.172760248 -1.983943224
H 2.176851273 0.614400864 -1.833214045
C -0.162167877 -0.745357931 -1.085729837
H -0.962093890 -2.669059515 -0.321997851
C 0.518055260 0.471243829 -0.449332714
H -0.050045241 2.178457975 0.796011150
H -1.491976023 1.281528234 0.215217918
C -0.454147398 1.206586242 0.507159531
C -0.807101607 -1.190384984 1.342621088
H 0.184098199 0.379166573 2.532334089
C 1.399134398 1.254595637 -1.387837410
O 1.229184151 -0.050067049 0.731513202
C -0.855073988 -1.609582782 -0.112460054
H -0.304984659 -1.974551558 1.927293539
