16

C -1.565052867 -0.327363193 -0.082300037
O 0.287730157 0.128121838 2.017214537
O 0.374085963 0.154416606 -1.448156834
H -3.412179947 -0.751915574 -1.115696311
H 3.833750486 0.771938801 1.699991822
H -1.594602227 -1.222643852 0.542707145
H 2.624460220 -0.408539534 0.048987109
H -2.374188185 0.419082671 -1.958323717
C 2.250245094 0.439490795 0.644523144
H -1.976914048 0.458696127 0.568471491
O 2.904062748 0.597918928 1.883961082
H 2.334976196 1.326092482 -0.006792608
C -2.381759405 -0.496731967 -1.361947417
H -1.964115977 -1.298255563 -1.991066813
C 0.774661183 0.196954608 0.904128671
C -0.115159817 0.012736809 -0.345701009
