14

O -0.773907661 3.023227930 0.216454655
H 2.715461016 -0.548066854 0.887713790
H -1.303358912 -2.463078022 -0.825339556
C -1.029017687 1.870462060 -0.087530360
H 1.170516253 -2.350793362 0.062717564
H 1.721613646 1.768792748 0.882786453
C -0.290270567 -0.661301076 -0.201855794
N 1.770276189 -0.357810497 0.589398742
C 0.896442294 -1.301333666 0.128680006
C -0.093662404 0.760703385 0.080530941
O -2.507161379 -0.857155442 -1.056435466
C 1.189616919 0.883240759 0.567555070
C -1.453440189 -1.358261824 -0.730088532
H -2.013107300 1.591373801 -0.514587581
