14

O 1.048892260 -1.783640742 -1.110500216
C -0.350712329 3.554107428 1.058223605
C 0.027331401 -0.305553347 0.081860803
C -0.222509503 2.223438978 0.735813260
H -0.342387676 -0.588842332 -2.268809319
H 1.389682412 -1.840724468 1.002651095
C 1.314896584 -1.124696851 0.173174009
H -1.141002893 -2.251611233 0.282085091
C -1.128513813 -1.283485651 -0.213192552
H 2.226564169 -0.522084773 0.118231483
H -2.089590549 -0.796388507 -0.334937572
C -0.133064732 -1.013892889 -1.297783852
N -0.475443631 4.673312187 1.337580323
C -0.124141425 1.060062170 0.435603708
