18

H -1.301486135 1.522855401 1.542503834
O 2.326506138 0.691260636 -0.391320646
H 0.861481667 2.172759295 -0.223474130
C 1.078875303 1.150007725 0.127321064
C 2.084385633 -0.395758390 -1.285446286
O -1.732089758 1.453321815 0.681834102
H 2.354037046 -0.109802373 -2.314467192
C -1.683161736 -0.939125299 1.150686860
C 0.630630553 -0.713510156 -1.147818446
H -1.039735436 -0.838338256 2.045086622
C 0.038407512 0.155199707 -0.326490730
C -1.382960320 0.182049379 0.142841071
H -2.045983076 0.059818149 -0.726369858
H -2.725597382 -0.896635890 1.457354546
H 0.150256440 -1.544071436 -1.655452251
H -1.482671261 -1.922471404 0.710691392
H 1.142057061 1.217370749 1.221420288
H 2.727047443 -1.244929552 -1.008900166
