19

H 1.076453447 -1.744526863 0.595681131
N 0.919015944 1.424226642 -1.478999257
H -0.325651735 2.116907120 0.015392058
C 1.714559674 0.467258871 -1.646015406
H 2.514823914 0.526593983 -2.371823311
C -1.309159994 -1.053293228 -0.296086818
C 1.110309005 -0.712323248 0.259389549
C -0.641839802 0.287829876 1.712727308
H -0.654181600 -0.611022711 2.337848425
O 1.717197418 -0.747829139 -1.035563707
H -1.329519629 -1.971030116 0.293431699
H 1.784758568 -0.170952797 0.929246843
H -1.630667806 0.745053649 1.762369037
C -0.281638354 -0.063138694 0.261146724
C -0.239006877 1.220883489 -0.613043725
H -1.065637231 -1.323019266 -1.329870582
H 0.076963894 0.987366915 2.144343615
H -2.306114435 -0.624393463 -0.288967580
H -1.130664349 1.245408893 -1.251205921
