14

H 0.403770804 1.958494544 -0.927838743
H -0.948789001 1.058832288 -1.681718588
C 0.607219934 0.406498462 1.207448006
C -0.729389012 0.672784865 0.490658522
C -0.180327177 1.035712957 -0.901922882
N 0.731896758 -0.139184594 -1.133724093
O -2.188779593 -1.360074162 0.363170594
C 1.250739098 -0.514642000 0.193676889
C 0.125475854 -1.290202141 -0.449805319
H 0.237391934 -2.279979944 -0.863629699
C -1.149802923 -0.782025337 0.185057059
O 1.031520963 0.813220441 2.245891571
H 2.251728535 -0.902091861 0.283225030
H -1.442656517 1.322656155 0.989511907
