19

H -0.336401373 0.903394163 3.289860725
H -1.424535632 1.366423130 1.973000884
H -0.353354454 -2.344933510 -0.949719429
H 1.954954147 1.797518492 -0.104468659
C -0.401315749 1.021043897 2.211015940
H -0.397788942 0.135804996 -2.728475571
C -0.779426217 -0.445403367 -1.879519343
H 0.929532349 -1.797649622 -2.028052330
O -0.606049120 0.317623883 -0.705902100
C -0.153340638 -1.823564410 -1.886590004
C 0.481839001 0.087353364 0.149311811
C 0.645866990 1.901247025 1.602846861
H -0.576275826 -2.398422480 -2.718158960
O -0.239866450 -1.416556597 1.949623585
H -1.865501285 -0.519331753 -2.017661095
C -0.121055514 -0.305512875 1.513200760
C 1.162165880 1.378839970 0.490752339
H 1.159129381 -0.695048094 -0.204903662
H 0.921423614 2.837173939 2.043837786
