13

H 0.477907091 0.795565128 1.923147559
C 0.398425877 -0.910921335 0.516668439
C 0.166312829 -0.906911612 -1.002195835
H 1.040831804 -1.664763689 0.970040500
H 0.694653571 -1.483664274 -1.744032264
O 1.339264035 1.460429668 0.219356194
C -0.815474927 -0.003574649 -1.111572385
H 1.439944983 1.121083140 -0.680422544
H -1.884954095 1.037396669 0.632518589
O -0.960128784 -0.864772916 1.049878359
C -1.031342149 0.406171709 0.356467009
C 0.451831967 0.618930280 0.850559115
H -1.317272186 0.395031869 -1.980412722
