17

O 0.965865970 -0.474743366 0.844914794
C -0.275495589 1.485471845 0.234515324
H -1.238528967 -1.860816836 0.253679335
H 0.503065109 0.547862709 -2.046708345
C -0.142308518 -0.019804712 -0.012231942
H -1.081700802 1.878777742 -0.391152710
C -1.390368462 -0.797072768 0.409534812
H -1.614178896 -0.607832491 1.460694432
C 1.870745897 -1.029827952 0.002658730
O -0.594769835 1.797737241 1.570488811
N 1.674794555 -1.021896362 -1.247592092
H 0.659646571 1.975371718 -0.085265100
H -2.250892401 -0.479153812 -0.193955675
H 0.104110152 1.419376373 2.126738787
C 0.376201183 -0.354072958 -1.441035748
H 2.747750998 -1.448978186 0.500417590
H -0.313936800 -1.010397911 -1.985700965
