18

O -2.615185499 -1.146329284 -0.395020068
C 1.208035111 0.073289253 -1.140492320
C -0.527278960 -0.238474488 0.277702510
C 1.425304770 0.890308917 -0.051929325
H 2.932113647 -0.034694996 -2.162187338
N 0.044884682 -0.615169525 -0.930324614
N 0.059475273 1.449355483 2.000781775
H -2.285037756 -0.201936379 1.440672278
H 2.276680946 1.539716482 0.080635190
H 1.672640920 0.427791864 -3.061499834
H -1.578151345 -1.822838187 1.282685995
C 0.324176967 0.714219391 0.824148476
N 1.940260291 -0.181017041 -2.305575848
H -0.151867375 0.842056215 2.782651663
H 0.858246207 2.015929222 2.261910439
C -1.775209904 -0.874806106 0.742825091
H -3.401538134 -1.606601954 -0.066831909
H -0.407549530 -1.230798602 -1.580151796
