16

H 0.450856864 -2.942446232 0.736743808
H 1.398783207 -1.846738100 -0.287736297
H 1.410428882 -1.645012498 1.469482422
H 1.587277651 3.042849779 -0.152253777
O -0.841112852 0.363868326 -1.098266721
H 0.201172769 2.632874250 -1.174440145
C -0.133609176 0.469392240 0.096204586
C -0.407668561 -0.962670803 0.533600092
C 0.556716144 2.695100069 -0.147128984
C 0.788007736 -1.905857086 0.623005569
H -1.015969038 -1.018746972 1.436435819
H -2.316508055 -1.081523776 -0.660927832
H -0.036782689 3.458770990 0.368722379
H -0.888286769 -1.697025418 -1.541675448
C -1.236344337 -0.998850882 -0.780858696
N 0.483038336 1.436016321 0.579093099
