15

C -0.134919450 -0.199630350 -0.484943181
C 0.705210865 1.075793266 -0.136947617
O 0.193576664 1.803809166 0.996223450
H 1.246716380 1.629596353 -0.884747982
H 0.786742151 -1.329761863 2.131010056
H -1.482486367 -1.421892285 0.751668155
H -1.552746892 -0.471289337 -3.889676571
C -0.661336482 -0.346735716 -1.818844557
C 0.498102665 -0.682703614 1.317247272
C -0.948016346 -0.477879196 0.823508859
C -1.130269408 -0.405691922 -2.921285629
H -1.541181803 0.337611556 1.246410847
H 2.072893143 0.992662489 1.679814219
O 0.813116968 -1.237429857 -0.014984143
C 1.134598017 0.733541489 1.205547571
