14

H 0.810922503 0.422080249 2.602232456
H -0.595181406 -1.580856919 -2.178519726
H -2.601581335 0.176710278 -2.199683189
C 0.526617706 0.018832603 0.503750622
C 0.654970467 -1.014840126 -0.393483430
C 1.370180964 0.438120782 1.660601139
H -1.006818414 1.517944694 0.615613759
O -2.347154140 0.654682994 -1.408146620
H 1.767751217 1.455255866 1.535720587
C -1.191994667 0.126169905 -0.937077403
C -0.413021177 -0.932208478 -1.330257058
H 2.212793827 -0.248496205 1.766552210
N -0.625206947 0.711130798 0.146622926
H 1.437721252 -1.744526267 -0.383925766
