14

H -1.978528857 1.913299322 0.188321933
C -0.834233224 -1.238519669 0.021116085
C -1.195940375 1.150238633 0.119965956
C 0.102111563 1.720617175 0.046165802
H 0.173436642 2.800046682 0.077221349
C 1.582739830 -0.306877255 -0.128280744
H -2.474307775 -2.173333645 0.096793272
H 1.000009775 -2.301658630 -0.107947879
O 2.787746191 -0.553427756 -0.208010599
C 0.578448534 -1.298820734 -0.066128701
N -1.607991099 -0.069557540 0.128560603
N -1.489597440 -2.375130653 0.000544596
H 2.100137711 1.643608212 -0.116397977
N 1.255968451 1.089515686 -0.051923677
