20

C 0.665394247 -0.588876605 0.015074728
H -0.543234706 2.184864521 1.704961181
H 1.035791755 0.804481804 -2.180911779
H -1.515549421 -2.089954853 -0.199110448
H 2.671396017 -2.190765858 -1.546312571
C 0.077837676 -1.651923418 0.723858535
H 1.197065234 1.445829749 0.318571508
C 0.267775804 0.870748341 0.214880362
O 0.520581186 1.629662752 -2.097405434
C -0.605822682 1.117035627 1.464141726
N 1.561163425 -0.832557619 -0.910713315
H -0.199734867 0.559528947 2.317878485
H -2.027406931 -0.125631422 1.064365745
H -0.901168287 2.360636473 -0.848425686
H -1.226751566 0.708290160 -1.382566571
O 2.036265612 -2.166488647 -0.816925943
O -1.976518512 0.816644192 1.253286004
O -1.259745240 -1.850544453 0.711647570
C -0.425351411 1.404920697 -1.062745810
H 0.648012102 -2.405900717 1.256451964
