17

C -1.344632030 0.527811706 0.813303709
O 0.156029895 -1.193854451 1.110328794
H 0.109083980 0.409998596 2.429415703
H -0.696882129 -2.467819214 -0.282455981
O 0.654868901 1.791042566 -0.484525681
H 1.954544544 -0.521384001 -0.569169462
C -0.024649363 0.235223234 1.372471809
C 1.046340704 0.981161833 0.532117426
C -0.452781498 -1.429840088 -0.115987383
H 1.734171987 0.603248656 -1.742686033
C -0.119062051 -0.461957633 -1.162708759
H -2.086348534 1.145901918 1.267376900
H -0.240872666 -0.738977075 -2.189272404
C -1.434417367 -0.234935954 -0.367222488
C 1.212996364 0.338415712 -0.805143893
H -2.365357161 -0.325402647 -0.917194009
H 1.896966696 1.341367006 1.111351371
