15

C -0.038107578 -0.331674486 -0.164186224
H 1.302454114 -0.755684197 -2.322638273
O 1.074292183 -1.591141105 -1.912144542
O -2.038139820 1.027912736 -0.406987607
H 1.654827237 0.881113231 2.368129015
C -0.854748249 0.721094728 0.210232794
C 0.916735113 0.704780519 1.594456553
C -0.163195938 -1.375657439 -1.213189244
H -0.413343877 -2.348971128 -0.780180633
H -0.643737793 2.245720625 1.848249912
H 1.787523866 -0.977649570 0.652422786
H -2.398302078 1.816518426 0.009419796
H -0.975770116 -1.104073882 -1.893808842
N 1.047669768 -0.299255341 0.691782415
C -0.258156866 1.386967301 1.318442583
