18

H -0.201806590 -1.729518175 1.407555938
H -1.457190275 2.041945457 1.076934099
C 0.062790625 0.531461179 -0.917499185
C 1.432987809 0.551140785 -0.192099974
C -0.859474421 0.133242503 0.266012073
H -1.838633060 -0.172607601 -0.104648277
H 2.269995213 0.363403231 -0.883003831
H -0.193090007 1.441140056 -1.466023803
C -1.004846096 1.110008478 1.421003699
C 0.062142543 -1.773790598 -0.821017861
C 0.066056050 -0.778676450 -1.716697454
C 0.027451530 -1.113543749 0.548017263
H 1.616611123 1.505129218 0.310634583
H 0.218816787 -2.819422245 -1.004336357
O 1.338416696 -0.501329541 0.776021659
H 0.174796194 -0.842599273 -2.780380726
H -1.669295549 0.705098867 2.190941572
H -0.045728065 1.348917842 1.888586283
