18

H 1.337561965 1.618134499 1.843152165
H -0.767006099 -1.215446949 -2.331120014
C 0.516247571 -0.787343204 0.520895660
H 1.254136682 -0.998834729 1.277227759
H -2.358886957 -0.158475757 -0.623533368
C 0.930008531 2.231018305 1.019052744
H 1.674416661 2.254853249 0.216918871
O -0.307162434 1.732041359 0.558109820
H 0.638195634 -2.175686359 -1.762644172
H -2.068489075 -0.403083205 1.128099442
C -0.325214475 0.425397485 0.163976997
C -1.608312607 -0.384693503 0.140524283
C -0.678534269 -1.612496734 -0.089533232
C -0.072044387 -1.371991754 -1.495329261
H -1.004288554 -2.607473135 0.228366345
C 0.638648689 -0.183207750 -0.881322742
H 1.452308178 0.391401917 -1.292870641
H 0.748414814 3.245886564 1.380029798
