17

C 1.692887068 0.821094632 -0.722042859
H 0.718952417 -1.176494002 -0.855559468
C 0.604597569 0.841590345 -1.761529684
H 1.735741735 1.651055455 -0.025391858
C 0.043666348 -0.351312160 1.886377811
H -0.772037864 1.121192932 0.533865213
C -1.721985221 -0.717287123 0.194709539
H -0.701311231 -0.179379210 2.667747498
C 0.526774526 -0.124961875 -0.616637826
C -0.504234135 0.052037142 0.492758662
H -3.565424681 -1.951129198 -0.249637321
H 0.939111114 0.234939694 2.121380568
H 0.312818080 -1.411135554 1.895809293
C -2.697553873 -1.371414781 -0.045346469
H 0.817897677 0.450279325 -2.751701832
H -0.094737522 1.687994361 -1.767523050
H 2.664837122 0.422929674 -0.997278154
