14

H 1.964950562 -0.942592978 -0.676964045
H -2.406629562 -0.451196820 -3.339673996
H -0.490171731 -0.502668738 2.637293339
C 1.036921859 0.165801212 1.189059019
C 1.353354692 -0.144220784 -0.277796239
H 1.730282664 0.595844448 1.895943046
C -1.696261168 -0.216641173 -2.588620901
O 1.252148271 1.073549032 -1.004692197
H -0.909231782 1.521274328 1.083964825
C -0.343515605 0.661058784 0.764743745
C -0.205430925 -0.599674106 1.597193599
C 0.022304114 0.365054786 -0.696644664
H -0.417348027 -1.571523666 1.154693604
C -0.891373098 0.045935571 -1.738498330
