15

H -0.133845165 -1.056853294 2.137160778
H 2.161911964 -0.279575616 -0.900498152
H 0.246697128 -1.141701579 -2.174892426
O -0.680197239 0.786909819 1.408227921
C -0.572538018 -0.635566831 1.217147708
C -1.146982193 0.355441779 -1.593673468
C 1.182345986 0.016265653 -0.518787801
H 0.631819606 -2.064390421 0.088628136
C -0.001054113 -0.478587478 -1.346680284
N -2.062324762 1.026526332 -1.806602836
H -1.596472621 -0.993624568 1.131690383
N 1.186359167 1.317717433 0.068349853
H 0.211523384 2.594449282 1.339498043
C 0.276142001 -1.039347410 0.038670897
C 0.296615005 1.592336893 0.911760807
