21

O 1.194513202 0.654379129 -2.198778391
C -0.791751683 -1.351123333 1.323399544
H -0.390821397 -1.139523983 2.324585438
H 2.328373194 2.166432381 -1.193832994
H -2.211855650 1.452469945 -0.301610738
C 0.379785925 -1.711699128 0.443270236
H -2.762451172 -0.686583638 0.750787497
H 3.152367115 0.536125600 -1.360929370
H -1.524095535 0.106367029 -1.185148358
C -0.056848247 1.310238123 -0.155552924
C 2.213635683 1.087356925 -1.303215623
H 0.198361546 1.529060721 0.890657604
C 1.128689408 -0.988757730 -0.368478328
H -0.052757032 2.260013103 -0.691050887
H -1.362342715 -2.273164272 1.470139027
H 2.016701698 -1.471824646 -0.775215983
C 1.009763002 0.440390557 -0.774232984
C -1.786596775 -0.245657161 0.949228168
H -1.925454736 0.397415012 1.830022693
C -1.446174741 0.675192416 -0.246997669
H 0.688958645 -2.747107267 0.572953761
