20

H -0.374507993 1.053321123 -2.346801758
H 0.740383029 -2.105561495 -2.463754654
H -1.082594156 2.633732080 1.441813946
H -0.834010184 -2.446650743 0.704048216
C -0.676442027 1.708532453 1.022215247
C -0.161324114 0.772010088 -1.327284217
H -0.633506656 1.068403721 3.046420574
H 1.651329041 -0.848182023 0.628575385
H -1.100849390 2.564240694 -0.784716010
C 0.707091749 -0.982272148 0.108989209
C 1.185986757 -1.104246974 -2.337819576
H 2.256435156 -1.259831786 -2.194010258
C 0.564684153 -0.399604648 -1.161531448
C -0.407739431 -1.458792210 0.867439628
H -1.792433619 -0.955583990 2.388154268
H 1.041070223 -0.560990989 -3.275677443
H 0.785895467 0.588252783 2.132553339
C -0.640038490 1.686028838 -0.334292650
C -0.308185577 0.702885091 2.072931051
C -0.921244383 -0.655690074 1.812747240
