20

C -1.317200065 0.411915630 3.426705837
C -1.021539927 -0.686923742 -1.280577064
H -1.828085780 0.040256709 -1.327345729
H -1.925998807 -0.440518200 3.755290985
H 0.451312274 0.958253801 -2.929788351
C 0.121121489 -0.135138497 -0.393423289
H 2.077931404 0.700585604 -2.206973791
H -0.502283394 0.523981452 4.141032219
C -0.385322958 0.077831134 0.971649885
C 1.311012864 -1.122336268 -0.357071519
H 1.016529441 -2.040964842 0.157354310
H 1.370133162 2.326681137 -2.263388872
O 0.545171916 1.158472419 -0.839120269
H 1.649380684 -1.381078959 -1.359397650
H 2.140264988 -0.676394582 0.199686527
H -1.406758904 -1.622455359 -0.862975597
H -1.952627778 1.304655671 3.498836279
H -0.667286396 -0.889629900 -2.296458006
C 1.136023402 1.267618299 -2.118308544
C -0.811777771 0.225188792 2.084272861
