16

H 1.640745997 -1.265093684 1.411218762
H 0.588867307 0.477728933 -2.504285097
C 1.087665200 -0.979511201 0.501310349
C -0.250272006 0.437833399 -1.791006207
H -2.078937769 -0.581251740 0.427582681
N 0.135167643 1.154223204 -0.578983486
H -0.759465635 1.738168836 1.309184551
H -1.094901443 0.968300283 -2.249439478
O -0.243828207 -1.467743158 0.526955545
H 1.832890272 1.141996741 0.772220731
H -0.522669256 -0.617331743 -1.645193934
C -0.438891768 0.879527688 0.719538331
H -1.354267001 -0.548389018 2.056770086
C -1.128022552 -0.449873388 0.977529824
C 0.986460090 0.539291918 0.434512258
H 1.599458814 -1.427877069 -0.367914796
