21

H -0.944744229 -1.125916123 -1.817441821
C -0.424767464 1.617129326 0.917480052
H -2.703648567 -0.270979732 0.638788044
H 2.558744669 -0.304354846 -0.808021903
C -1.337225556 -1.979224682 0.017130271
C 0.140279576 -1.974220276 -0.259971797
C 0.685444117 2.246132135 0.037428491
H 0.761227548 -2.864419222 -0.158773348
H 1.008940220 3.200625420 0.455977798
H 1.246844292 -0.834871113 1.205879211
C -0.579201758 0.158085331 0.596990466
H -1.366141796 2.162767887 0.766492724
C -1.678320169 -0.596783519 0.493837595
H -0.141751543 1.738554120 1.975989699
C 0.680746973 -0.651533902 0.277671129
O 1.837834120 1.426104665 -0.034086339
H 0.292859018 2.427165270 -0.981648088
H -1.905374885 -2.845154524 0.336051106
N -0.816807389 -2.026333094 -1.370521188
C 1.575973511 0.170422927 -0.654620171
H 1.109089494 0.326802969 -1.634631753
