14

N 0.696549654 1.316193700 1.667381525
C -0.010928690 -0.826469660 0.120087877
C 0.021023732 0.466016233 -0.484703034
H -1.154703975 0.309839398 -2.152752399
H -0.144009441 1.590892076 -2.151710987
H 0.844928920 -0.096787952 3.168170452
C 0.618592441 0.076180078 2.108854532
H 0.426744401 2.516016960 -0.012718299
H -0.876280308 -1.777352810 -1.450661659
N 0.274300754 -1.008573413 1.411067009
N -0.226463541 0.614863873 -1.870147586
N -0.317733645 -1.933719635 -0.637205780
H -0.534406602 -2.744445086 -0.087131150
C 0.382386357 1.497346520 0.371469051
