17

C -0.383281589 1.069623470 1.548734307
H -0.994273901 -0.052185770 3.205632210
H 0.204513252 -1.982725501 1.915283680
H 2.135353088 -0.305393696 -1.316446424
H -1.065103292 2.089425325 -1.290523648
C -0.512096286 -1.273494601 1.487732172
H -1.491976142 -1.768133879 1.426296234
H -0.407207251 2.043981791 2.011148930
C -0.203778759 0.709648132 0.211773410
C 1.161817312 -0.512220979 -1.782735109
N 0.362430990 -1.372036695 -0.881596029
C 0.392483056 0.750995755 -2.084615946
H 0.393292397 1.151276469 -3.093102932
C -0.054999948 -0.719731092 0.150363103
H 1.359435916 -1.069627404 -2.699751377
C -0.328372657 1.294724822 -1.102819204
N -0.568236113 -0.054125942 2.294625044
