13

H 2.395321846 0.679694176 1.104142427
N -3.347121716 0.152385801 -2.407917500
N -1.649164319 0.512959659 0.592965484
C 1.943578362 -0.253085256 0.736505032
H 0.358219534 -0.555773497 -1.844679594
H 2.552079678 -0.596289337 -0.103062034
C -2.513282061 0.159051776 -1.619064093
N -0.445520431 0.389847368 1.151428580
H -0.341151267 0.632418692 2.134189844
C -0.081581749 -0.222753331 -0.911649704
H 2.029253483 -0.995722294 1.537888050
C 0.537865698 -0.050365679 0.308297008
C -1.438497066 0.147631973 -0.679043949
