16

H 1.295265079 -0.025987310 1.700599670
C -0.814530075 0.711118639 -0.681561649
H -1.313785195 1.618942499 -0.986397028
H 0.437308431 -2.113131523 -1.278273344
H 0.898243487 1.618990779 1.150275826
C 1.386757851 0.226392463 -0.519482195
H 2.007191658 -0.671350539 -0.515737176
H 1.974814177 1.041882634 -0.940479457
N -2.361789703 0.764232218 2.529558659
C -1.621450424 0.452541858 1.698213696
C -0.657211423 0.113134958 0.662077129
N -0.648263216 -1.313050628 0.332154900
C 0.834803998 0.548126221 0.903062820
C -0.348300904 -1.379092336 -1.055024147
H -1.220496535 -1.593071461 -1.666594386
N 0.151442483 0.000321731 -1.332393646
