20

C 0.742086947 0.578862071 0.963974476
H 1.994627953 1.407472491 -0.595578969
H 0.901664257 -1.337825894 -1.292515874
H 0.899342716 0.097606070 -2.326134920
H -1.150448442 0.904444396 -1.323956609
H -1.366485715 0.354334295 1.337391138
H 2.072861671 0.316602886 2.640841722
H -1.313675284 -2.039243937 -0.602863610
C 1.633103967 0.425193280 -0.249249741
O -2.969808340 -0.750416517 -0.602288902
C 0.723691881 -0.252619743 -1.303275108
C -0.731285632 0.027601421 -0.817514420
H 0.508079827 1.048052549 3.056009769
H 1.752779007 2.001646996 2.225500584
C -1.692428470 -1.124918938 -1.094070554
H 2.534793377 -0.162837714 -0.030774167
C -0.527558863 0.325409651 0.646479368
H -3.577017069 -1.497150421 -0.740194440
C 1.286822319 1.008553267 2.290288687
H -1.721145868 -1.330766320 -2.182070017
