20

H 0.038903333 -1.957450390 1.080466390
C -1.639043331 -1.605732083 1.503324509
C 0.212038204 1.104392409 -0.262179047
H -1.842006564 -1.298359156 2.547349215
H 0.288042635 0.011065710 -2.349432707
C -1.947783232 -0.575953603 0.449385852
H -2.361867905 -0.884231091 -0.484538913
C 0.829686165 0.420258641 -1.503013730
H 0.997717440 3.164941072 -0.647911429
H -0.766402900 1.554380059 -0.141171336
H -2.038156271 -2.592246532 1.281300187
N 0.496394485 -0.080042005 0.577742338
H -2.284445763 0.387227207 0.759630561
C -0.529879570 -1.029310346 0.803229868
H 1.415274382 -1.604021192 -0.662057340
O 1.609094501 1.563112617 -1.838463902
C 1.336596727 2.139954329 -0.546802878
C 1.478684187 -0.538652539 -0.473291963
H 2.201210976 2.093744516 0.124092676
H 2.505942345 -0.273077518 -0.217658639
