16

H -1.333660722 1.270003319 1.132137418
C -0.555307508 -0.374101609 -0.142544016
H 1.070500374 2.316374540 1.307254672
H -0.913529158 1.756372809 -0.488998562
C 1.659157872 0.438126117 0.441157788
H -0.925751984 -0.037391577 -2.109990835
C 0.804374278 1.407811880 0.779388428
H -1.336592674 -1.531098604 -1.638492823
N -1.569879174 -1.925339937 1.714147329
N -1.345057487 -0.560741842 -1.353362560
C 0.980660319 -0.687280953 -0.286595762
C -1.127354622 -1.233805180 0.896419585
C -0.608059108 1.121575356 0.346858889
H 1.258066773 -0.732377589 -1.343944430
H 1.229567885 -1.672172427 0.122472949
H 2.712865114 0.444046229 0.624092340
