16

H 2.365255356 0.509577155 2.326148033
C 0.471654236 0.170072854 1.217645049
H -0.579693794 -0.112364396 -2.618349552
H -1.199338198 -1.502907395 -0.939102411
C -2.259627342 -0.025160527 0.054434221
C 1.444854975 -0.129121453 -0.795637667
C 2.464433908 0.134475142 0.136024594
C 0.207981646 -0.113046348 -0.129561126
H 1.602334142 -0.337730557 -1.853287220
O -1.271154761 0.244782448 -2.041680336
H -4.024797916 0.541197479 1.373434305
C 1.860712767 0.302566558 1.380134702
H 3.516698360 0.201686934 -0.092676684
C -3.193284273 0.273093939 0.766056597
C -1.124887586 -0.406522930 -0.783928633
H -0.281140119 0.249401301 2.000346184
