17

C -0.740334570 2.249502182 -0.649540842
N -0.726021409 -1.843959808 0.555553198
H -0.151460901 2.883150816 0.042716213
H -1.984702229 -0.358460128 -1.164387345
H 0.992877543 1.139883280 2.046070099
O -0.067861795 -2.953363419 0.915637553
O -1.622124076 2.679534197 -1.366124988
H -0.649306953 -0.249807239 -2.363450050
H -0.657482028 -3.488510609 1.457438111
C 0.475773990 0.223675713 0.196014121
H 2.019354820 -0.226193607 1.539429903
C -0.000715905 -1.099317074 -0.364735723
N -0.379704803 0.937299788 -0.586082757
H 2.187979460 1.367834926 0.761086583
C 1.463036299 0.644196868 1.176657796
C -0.924630702 -0.226602361 -1.304773569
H 0.765323639 -1.678863287 -0.891508341
