20

N 0.211377904 2.110481739 0.740910351
H -1.199031591 1.526736259 -0.809100866
H 0.575554669 2.810741186 0.124082923
O -0.600962698 -1.266880155 -0.078205407
C 1.628097415 -1.416868210 -0.934736729
C 1.155511856 -0.354384631 -1.886025548
H -1.917832732 0.970857978 2.044706106
H -1.868008733 -1.662183166 1.438794613
H 0.571782112 -0.660339117 -2.756341934
H 2.598918915 -1.328536987 -0.458479196
H -2.750898123 0.442052960 0.582180440
C 0.504227459 -0.499128371 -0.520120084
C -0.819707513 1.301513910 0.192022189
H 1.355189085 -2.445301294 -1.180885553
H -0.357995421 -0.891667485 1.964023709
C -1.773511171 0.507432580 1.063264847
H 1.841258645 0.466477484 -2.070191622
C -1.139378905 -0.884895504 1.180091858
C 0.582460225 0.753453434 0.318880320
H 1.402948499 0.520437181 1.045130134
