15

C 0.064511135 0.460021734 -0.294055015
N 0.338419169 2.278880119 -2.365008593
H -0.637563705 -0.916338146 -1.825364351
H -0.369139552 0.813247740 -3.636098146
H -0.429780573 -1.742266178 3.687630177
C -0.118377447 -1.282884717 1.651567221
H 0.980537415 3.533676863 -0.851612926
C -0.214051366 -2.246481895 2.746804237
N 0.505711913 1.697747231 -0.028339852
C 0.615670919 2.528138638 -1.073831797
C -0.278182447 0.080662191 -1.613886714
C -0.118693247 1.037132978 -2.600899935
C -0.034475923 -0.468284249 0.777519941
H -1.020872116 -2.971094131 2.561783552
H 0.716285706 -2.802158594 2.863792181
