15

C 0.101098642 0.801400721 -0.651484549
H -0.946762145 -0.079311028 -2.486431122
N -0.819002211 -0.020646200 -1.485257506
C 2.733067274 0.585572720 -0.455630183
C -1.737944245 -0.247627854 -0.478978604
H 3.793385267 0.534896672 -0.345980436
C 1.531903982 0.633237243 -0.587384522
H -0.845266819 -1.375191450 2.020520926
H -0.099524125 1.872254014 -0.848279536
H -1.061345577 1.014420629 1.251053214
H 0.248769343 -1.731128931 0.654734433
C -0.089401186 -0.943528950 1.342895269
C -0.714299321 0.229203597 0.576089740
O -2.870788813 -0.654472947 -0.444374144
H 0.776109755 -0.619078338 1.938507199
