16

H -3.123304605 2.121176958 -1.296121836
H 1.607764602 -1.286775827 2.700191736
H -0.855695605 2.223114252 -2.857642174
C -2.174093485 1.646598458 -1.138802290
H 0.875679553 -2.665828943 1.862191796
H -0.596602142 -0.584652841 1.544723392
C 1.203573346 -0.934661448 0.594432712
C -1.068221211 1.701461673 -1.944328308
C 1.582765341 -1.830128193 1.750955462
C -0.689280629 0.459748358 -0.177876219
O 1.903882504 -0.718348622 -0.379493147
N -0.116765127 0.916933298 -1.322979689
N -1.928655148 0.862830222 -0.018165082
H 2.583266497 -2.237153053 1.554057360
N -0.031961437 -0.345893055 0.736810267
H 0.827646971 0.671578467 -1.607954025
