17

C 0.916006446 -1.315499783 -0.359097213
H 0.767677188 -2.319344044 0.053245086
C -1.369892955 -0.049059238 -0.171771258
H 3.091997385 -1.705260396 -0.713672578
H 1.266010523 0.884990931 1.613403916
H 2.590153456 0.057018954 -0.730428517
N 1.260189891 -1.348767877 -1.802592516
N -0.789618850 1.430068254 1.379310846
C -1.811690450 0.999976158 0.578485250
H -3.637619257 1.200515628 0.124038599
C 2.284045696 -0.980354488 -0.818398356
C 0.017780442 -0.267765075 0.170801356
C 0.337789088 0.676346540 1.109872699
H 0.876883566 -0.507347822 -2.241509199
H -0.863081992 2.196082115 2.030470610
O -2.991935968 1.668093085 0.670257211
H -1.944694638 -0.619692922 -0.892415583
