13

N 1.430981517 0.146989465 0.670354247
H -1.836672544 -0.080804005 -0.136688173
H -1.225428343 0.785005629 -2.451207876
H 0.561358571 0.686991096 -1.991040707
C -0.472634912 0.814630628 -1.663062334
C 0.217085838 -0.331499964 0.537609637
N 1.288652301 -1.759553194 1.850127101
O 2.097767591 -0.733223021 1.471640110
C -0.826029956 0.307065696 -0.302480429
H -0.718864560 -2.180236578 1.485412836
C 0.126805797 -1.525507331 1.307348132
H 0.118147284 2.115844011 -0.202197641
N -0.761168420 1.754297376 -0.575814962
