19

C -2.315335274 0.887407064 0.403913677
H 0.680287182 -2.366794109 -0.768259466
N -3.404119730 1.043574691 0.050098274
H -0.550968349 -0.652692497 -1.887858152
H -0.922400236 0.197396338 1.826159716
C 0.080796003 1.735778451 0.561606467
C 1.208434463 -0.578584373 0.386282533
H 1.579234481 -2.703577757 0.709474385
H 0.763073087 1.962286830 1.357556343
H -0.903482437 1.063863635 -1.885640860
H 2.144396305 -0.413355380 -0.168874100
H -0.222560689 2.577275038 -0.038540330
C 0.156837970 0.397919118 -0.121035673
H -0.126785517 -2.252140045 0.803471565
H 0.734348714 0.512545884 -2.192302942
C -0.159912795 0.325008810 -1.602095723
C 0.812410831 -2.060531616 0.272823274
C -0.982674122 0.683063149 0.857182384
H 1.428419352 -0.358442962 1.436038733
