14

H 0.030974362 -2.203095675 -1.315519214
C 0.619242370 1.186415672 1.192680955
O -0.755122483 -0.689932048 -2.442231178
O -1.429452300 -1.142796159 -0.184136227
H 1.749802947 -0.733311474 0.902393997
H 0.373918235 -0.899358571 2.006853104
H 0.095328227 1.564598799 2.073846817
C 0.744537830 -0.375534892 1.126871586
O -0.780812681 1.919736266 -0.818479538
H -1.221328497 0.122384436 -2.262909889
C -0.273586392 1.126309633 -0.056944080
C -0.224670738 -0.380759805 -0.061121292
C -0.464690447 -1.240319729 -1.223806381
H 1.535859585 1.745663524 1.062501550
