18

C -0.054978203 1.218557358 0.144674256
C -1.321741343 3.474953413 -0.452979088
C 0.652712345 -0.003473829 0.479594409
H -0.754524529 4.338803291 -0.101771668
H -1.466266513 3.579235554 -1.531643033
C -0.636329591 2.234836578 -0.132692590
H 0.720580935 -2.595316172 1.582818747
C 1.386721611 -1.402982831 -0.883892238
C 0.072169468 -1.342349410 -0.075485006
H -2.312790632 3.517306805 0.021534318
H -0.809313536 -1.189037085 -0.689301372
H 1.288195610 -1.307374835 -1.968282819
H -1.007056594 -2.205625296 1.596770406
H 2.045605421 -2.247559786 -0.658752263
H 0.866471231 -0.043582581 1.558704615
C -0.159152821 -2.451072454 0.944597900
H -0.379726380 -3.393194199 0.451869965
O 1.869422913 -0.182122767 -0.285764545
