15

C -0.354654461 -0.963742673 1.357120633
C 0.741443336 -1.067757487 2.159374237
H 2.749760151 -0.150791556 1.882532954
N -1.999100208 -0.216608554 -0.933941662
H -0.960166216 1.328141928 -2.681695938
H 0.685684860 0.719775259 -2.381130695
C 0.023137087 -0.151362583 0.259519637
O -2.603074312 0.065116197 -1.925491452
C -0.203990996 1.156180024 -1.916191459
H 0.831551075 -1.615312457 3.086481571
C -0.753314316 0.240783244 -0.869142234
H 0.117890105 2.097283602 -1.476933837
C 1.743571281 -0.308228731 1.529502630
N 1.319958329 0.256029338 0.410136133
H -1.338695526 -1.389506102 1.499859571
