15

H 0.733785033 -0.519033432 -2.030132294
C -0.489677101 -2.044155359 0.088179700
C 0.341136694 0.476956248 -0.168606535
O 0.781620502 -1.838023782 -0.423891455
C 0.279038012 1.901775479 -0.138834640
H 2.141373873 -0.446493328 -0.955191612
C 1.044319510 -0.559201360 -0.979496419
H -1.272508621 -1.851922750 -0.662515223
C -0.494826019 0.073095493 0.826131582
H -0.954137504 3.156488657 1.230344534
O -0.726656139 -1.183877468 1.214089632
H 0.827633023 2.584826946 -0.769794703
H -0.543081999 -3.068224430 0.468133152
O -1.079260707 1.086046457 1.448386550
C -0.588758111 2.231742382 0.853197396
