15

C 0.436450541 -0.046743587 -0.438873112
H -0.553819001 -1.292910814 -2.057248592
C -1.035291553 -1.781806827 -0.005762400
H 1.762612462 2.208257437 -0.753301978
O -0.066210762 1.212761641 -0.776996970
H -1.774762511 -2.572480440 -0.089975700
H -0.130053893 -2.014336824 1.954334497
H 0.290004164 3.204571247 -0.676859140
H 1.484662652 -0.113144033 -0.764596939
O 0.414348364 -0.268765628 0.973313570
H 0.819666862 2.306244850 0.773929775
C 0.755568862 2.281356335 -0.332512766
C -0.572948992 -1.234139919 1.317230582
C -0.438699067 -1.127974153 -1.005566001
H -1.391528010 -0.760888457 1.882885456
