15

C -0.437645167 -0.527629137 -0.687538147
H 0.636274755 -2.262760639 -1.162461281
H 1.052153945 1.588830948 2.019316912
H 2.356087208 -1.681403995 0.581974030
H -2.082483292 0.044732511 -1.713848710
C 1.058470249 0.094563775 0.936077714
C 1.501473546 -1.068197131 0.372439682
O 1.602935672 0.795793593 1.931064010
N 0.559891939 -1.430115104 -0.612979650
H -1.314147472 -1.289045334 -2.354034662
O -0.504563570 2.471077442 1.408041358
C -0.889816523 1.669203758 0.559193254
C -0.185556799 0.467402786 0.237083122
H -1.827462912 1.888750911 0.004774561
N -1.525611877 -0.761204481 -1.519102335
