19

H 1.465150952 -1.093061566 -2.238271236
H -2.459784031 -0.554589033 1.396841884
H -1.592540145 1.748078465 1.032275200
H 1.258418918 -1.350187778 1.905637622
C -1.551728368 -0.461235136 0.823312581
C 1.030562401 -0.594105303 -1.377384901
H 0.519016504 1.103300810 -2.556768894
C 1.088066459 -0.515021145 1.209125638
C -0.303877681 0.029219883 1.491371155
H -1.438356400 -1.199483871 0.032676369
H 1.824131131 0.244014531 1.514373183
H -0.428471744 0.286871523 2.547371626
C 1.438471079 -0.994257450 -0.180299476
C 0.025690556 0.484434903 -1.795505881
C -1.041639447 0.953113317 0.525748491
H -0.775402606 -0.037373371 -2.356899261
H 2.183166265 -1.791248322 -0.184492350
C -0.551379144 1.354216814 -0.757333219
H -0.689494669 2.387312889 -1.031778812
