15

C 1.145566106 0.030016413 2.251767635
N -0.487358361 -0.219187856 -1.023798585
N -0.807972908 0.875672638 -1.820559740
H -0.489878923 -2.241437435 -0.686329722
H 0.774523675 1.039855242 2.473428488
N 0.540781915 -0.578183770 1.085315466
H 0.973115742 -0.606963575 3.122466326
C -0.370722324 1.871614933 -1.123799324
H -0.541039884 -1.767266393 -2.406538725
O 0.213916674 1.555187583 0.054767702
H -1.999917507 -1.619901657 -1.395177960
H 2.236583233 0.113230266 2.125090837
C -0.903084338 -1.531726480 -1.407052636
H -0.426999152 2.913458824 -1.389993191
C 0.142485961 0.165631071 0.140414134
