18

C -2.077323198 -0.547698021 -0.444315910
C 1.084465861 0.964168251 0.741328120
H 0.152050674 0.034300167 -2.211506844
H 1.362135530 1.876769543 1.249567628
O 0.499172211 1.187809587 -0.553138137
H -0.414419085 -1.949130535 -0.902161479
C -0.610224783 -1.030757070 -0.347462386
H -2.462814331 -0.096258260 0.478639990
O -0.073086090 -1.169694066 0.932982981
H 0.925666988 -0.310141474 2.472022057
H 2.669726372 1.117309332 -0.838916540
O -1.720713377 0.465036064 -1.400893807
H 2.124568462 -0.554325163 -0.366816103
H -0.563023448 0.543155909 2.016044140
C -0.297820032 0.194747165 -1.222729802
C 1.895800233 0.518357098 -0.381959468
C 0.308943242 0.009377911 1.625259876
H -2.803105354 -1.253026485 -0.845943630
