17

H -2.271768093 -0.705507576 2.882977009
H 3.117796659 0.646325767 -1.027861357
N 0.747539520 0.957050920 -2.681345224
O -0.238226682 -0.906496763 1.575505733
C 1.822527528 -0.160719484 0.598921895
C 0.475080669 -0.328367829 0.606361091
H -2.409995079 0.284025997 1.403754592
H -3.370548725 -1.221212029 1.581999183
N -0.082626089 0.146299809 -0.552512050
C 0.968980491 0.563470423 -1.369498014
O -1.417709112 -1.514603972 1.199477792
H -1.022671819 0.078238703 -0.824947119
H 1.555179596 1.398433805 -3.091165066
C -2.412885189 -0.737561584 1.798527002
H -0.087442219 1.506090403 -2.818059683
H 2.491808414 -0.398907632 1.389915705
C 2.134959698 0.393441111 -0.672051668
