14

H 0.295961976 2.190547943 -0.530154586
H -0.214466363 0.528259277 2.644513369
C -0.390212357 1.352399349 -0.666292310
C 0.266724646 0.162648633 -1.302915692
H 0.740798950 0.180522829 -2.281048775
C 0.752230942 -2.188457012 -0.722978234
N 1.216242552 -3.243490458 -0.873574495
N -0.921915233 0.884756088 0.637461424
H -1.225726366 1.738320827 -1.275677562
H -1.330039501 -1.232761145 1.135753393
C 0.084881932 0.441852421 1.606710434
H 1.133626342 0.642376125 1.402226210
C -0.592845082 -0.547313988 0.729274333
C 0.184737533 -0.909660816 -0.503297746
