15

N -0.684614360 1.452410936 -0.460847318
H 1.044563770 -0.950121939 1.319711208
C -0.046262871 -1.328931570 -0.492230684
H -2.090036869 -1.441968799 -1.160598159
C -1.529361486 0.368886799 0.104000673
H 0.390161723 -2.193759918 -0.982542098
O 2.636535645 1.107777238 0.096153870
H 2.591454029 -0.669635177 -0.859723508
H -2.470579624 0.618803024 0.567489028
C 2.102275133 0.064305350 -0.180703953
C -0.216958836 0.715772033 0.721533179
H -1.052418470 2.358287096 -0.140740573
H -0.121742688 1.242252946 1.670203209
C 0.765266418 -0.408539146 0.401695281
C -1.318281054 -0.935539067 -0.603400171
