21

H 0.866444468 0.085121706 -3.638533115
C -0.673644662 -0.562549829 -2.234389305
H 1.738413453 0.449763209 0.978750408
H -1.470496535 -0.819017410 0.260576546
H -1.294741035 -1.450088978 -2.082727194
H -0.327288777 -1.016855001 -4.340234280
H 0.691452384 0.645940006 -1.098273754
C -0.057973612 0.962267697 3.568890572
H -1.350652695 0.273744285 -2.435950756
H 0.929773569 -1.643962741 -3.252293587
C -0.323054045 0.330923051 1.401098609
H -0.263084024 1.228967309 4.586266518
C 0.096679173 -0.265338540 -0.944386184
H 2.159832954 1.170186400 3.341557980
N 0.992016554 0.574702740 1.639170051
N -0.837892294 -0.037243254 0.160270512
H 0.803739965 -1.089111924 -0.740870714
C 0.244974390 -0.799899578 -3.431524754
C -1.016375065 0.560840309 2.583120346
C 1.166623235 0.956405640 2.961806297
H -2.074747562 0.445204675 2.717674732
