15

H 2.260234356 3.482567787 -2.289383888
H -1.137602210 1.647822261 -0.517844379
H -0.585693598 -2.488565683 -0.304507345
H -0.075546078 1.863281488 0.875376642
H 0.516828060 -2.264240265 1.078422427
H 0.169443339 -0.374516666 -1.215334058
H 1.259467959 -0.148102075 0.177751273
C 0.230488494 0.006760138 -0.192483753
C -0.103040792 1.512163401 -0.171124995
C 0.811130166 2.304444551 -0.989677012
C -1.484372258 -2.640271664 1.593002677
O -0.700411022 -0.641075552 0.650188625
N -2.250425816 -3.150939226 2.283424616
C 1.583108902 2.919554472 -1.682122111
C -0.493609607 -2.028882980 0.704311252
