13

C 0.828933716 -0.739410579 -1.131264091
O -0.214711875 2.244014978 2.198569298
C -0.582969904 1.287684917 1.569178462
N 1.434711456 0.968806088 0.205391288
C 0.190194935 0.605386198 0.522617459
H 0.966875434 -1.461418748 -1.917394519
H -1.582869649 0.833400369 1.748601556
H -1.679054976 -1.750390410 -0.990598381
N 1.791163206 0.158917785 -0.780681491
C -0.237928540 -0.498756886 -0.284637570
H 2.713335752 0.248498663 -1.179668546
H -2.197787762 -0.697179198 0.229873776
N -1.429892182 -1.199553847 -0.189986944
