16

N 2.163134575 -1.989712715 -0.595306098
C -0.680860877 0.026640886 -0.448385209
H -1.194146276 3.169677734 0.533743799
C 0.937654734 -1.365842462 -0.807074428
H 2.919143677 -1.333681464 -0.477659583
C -1.276334524 1.226947308 1.617804646
N -1.040720940 -0.600311577 -1.509829044
H 2.169843674 -2.600309372 0.224116251
H -0.595161498 0.587133765 2.154465199
O 0.508260608 -0.407310754 0.069801241
H -0.027734723 -2.178628683 -2.590958357
H -2.216530561 1.447819471 2.105485201
C -0.679126084 2.224116802 0.693142474
H 0.406833053 2.252555132 0.609981358
C -0.022333693 -1.497151375 -1.753770947
N -1.371921182 1.038056612 0.174443528
