19

H -2.515155077 -0.158051670 0.261824101
C -0.415921211 0.302712977 -0.125869930
H -0.995695174 2.572626591 -2.378870726
C 0.863799572 0.311239541 0.702162743
H -1.866865754 2.424208879 -0.821229517
N 0.692925870 -1.160689592 0.985751629
H -0.860201478 -2.040286541 -0.348102897
C 1.727579832 -1.945211053 0.314653009
C -1.546149850 -0.139586627 0.749782383
H 1.761741638 0.526239812 0.122787826
H 0.872704983 0.919546366 1.621898890
O -0.594854951 0.868077159 -1.373303056
H 1.475814223 -3.006125927 0.373976558
H -0.122634076 2.835516930 -0.850113750
H -1.569455981 0.086825460 1.814474821
C -0.909687102 2.251775026 -1.338853717
C -0.564137697 -1.171272516 0.215141103
H 1.878446221 -1.682263851 -0.754981339
H 2.687745333 -1.795280218 0.828871965
