16

C 1.747498155 -0.791064262 -0.496637732
H 1.365846395 1.202751875 1.396911383
H 1.512459397 -0.419518918 2.129635572
C 0.472033113 -0.404991895 0.236330360
H -0.081274725 -1.329937935 0.435476631
H -2.050867796 0.440532714 0.621638179
C -1.626947880 0.880369961 -0.279134303
O 2.549235821 -1.596622229 -0.068464048
H -1.628672361 -1.093989134 -1.290211201
N -0.268009514 0.496784478 -0.642533720
C -1.367457747 -0.041468289 -1.426639676
C 0.849158227 0.246809885 1.580111384
H -1.901667953 1.915850759 -0.464224845
H -1.447564363 0.316424221 -2.449939013
H 1.919224381 -0.265233248 -1.458308816
H -0.042993214 0.443301708 2.175989866
