14

C 1.028955936 -0.745397091 -1.013152838
N 0.380073786 -1.209670305 0.180778518
N 0.818668067 0.523160100 -1.465882897
H -2.208691120 -0.609956563 1.856288195
H -0.892531216 -1.745005488 2.304352999
C 0.011913980 1.352218628 -0.814424753
N -0.292977631 2.569277287 -1.080891609
O -0.646627605 0.877680123 0.370242625
C -0.386591107 -0.376768082 0.756881237
H 2.197876453 -1.125613451 -2.403825760
N 1.800448418 -1.594120860 -1.586799026
H -0.867626429 -0.024000980 2.817755222
C -1.130130887 -0.720980167 2.014433622
H 0.187239155 2.829177141 -1.935755610
