16

H -0.075182706 0.748618364 -1.656522393
H -0.123620726 2.011264324 -0.404822677
C -0.677753031 -0.681285381 0.800254583
N 2.525882483 0.303251624 -0.618499637
H -4.408172607 0.175274044 0.519305885
C -0.253604859 0.935066521 -0.596393466
H -0.720865786 -1.725093722 0.472587049
H 4.232874870 0.426620424 -1.230688930
O -3.522122622 -0.168333814 0.670169592
H -0.831776619 -0.645879507 1.879253745
C 1.765652537 -0.502735913 0.136471212
C -1.503912210 0.304995090 -0.028665574
O 3.783730030 -0.226378962 -0.693926394
N 0.491497695 0.052651435 0.300199926
O 2.036310434 -1.573939323 0.663274705
N -2.718937635 0.565904737 -0.211997598
