22

C -0.922442377 -0.141075566 0.136025101
H 3.754348516 0.558518052 0.387597024
H -0.810744047 -0.759642065 1.049300194
H -1.768584609 0.536919773 0.353684574
H -1.376082659 -0.433572739 -1.949094176
H -0.449037045 -1.736086726 -1.234599948
C 2.119492292 1.725918055 1.189649463
H -2.498291492 -2.472398520 0.066024855
C 0.614102244 1.686550140 1.111479759
H 0.179407880 1.321092367 2.058081865
C 0.343666196 0.690235555 -0.048754364
H 1.899666071 -0.360532194 -1.238091350
H -2.797446251 -2.485077381 -1.685243964
H 0.171322361 2.667093754 0.930914760
C 1.651750088 -0.136448562 -0.197112232
C -1.268455267 -1.045818329 -1.042209506
H 0.225581408 1.282379389 -0.968381405
C 2.689615488 0.745202720 0.484388322
H 2.662797689 2.455277443 1.779655695
H 1.579580665 -1.098965645 0.321437150
H -3.430438995 -1.163099527 -0.678104877
C -2.569808006 -1.836470366 -0.826647401
