17

H 1.226215124 -1.612788558 0.376038134
O -0.957059979 -0.202963859 -0.776777625
H 0.626908898 2.151721478 -0.235933915
H -0.602853954 -1.192823648 0.992426515
C 1.462312102 0.266054809 -0.817775249
H 1.867192268 1.561298013 0.872033179
O 0.051201329 0.714528680 1.157909751
C 1.365243196 -1.243662596 -0.623665392
H -4.292216301 0.451364458 1.960075378
H 2.014504910 -1.864383221 -1.237781525
C 1.023540854 1.242224097 0.252910852
C -0.892086029 -0.181604564 0.640910208
C -3.326534986 0.281889319 1.588591695
C 0.290394396 -0.496206880 -1.367771149
H 2.215784550 0.655462027 -1.494431019
H 0.151439026 -0.629921854 -2.437875986
C -2.223985910 0.099812232 1.151116014
