18

H -2.418286562 -0.579551101 -1.410097122
H 0.746145308 -1.881322145 1.873160243
C -0.010426144 0.004166925 0.977362454
H 1.686317205 1.413421869 0.782533109
H -1.177113652 1.265383244 -2.496198177
C -0.778959274 0.749294341 -1.627907038
O -1.297374964 -1.562795162 1.335299015
H -0.150677517 -1.713022113 -0.370558918
H 0.903790057 2.149247408 -1.493643284
C -1.466080427 -0.241244882 -1.040893435
C 1.035967112 0.754181206 0.224190190
C 0.556390107 1.189085841 -1.132434011
N 1.600868464 0.135004416 -0.983000100
H -0.698152840 0.774234653 1.379354596
H 2.505537510 0.548715711 -1.148253322
H -0.198253065 -0.915050805 3.047908783
C -0.792878807 -0.943012655 0.097247556
C -0.046812326 -1.146736979 1.985928774
