13

C 0.858782411 -0.666916549 0.927602112
N -0.391878307 1.856105447 -1.172029972
C -0.430225790 0.117525890 0.612770319
N -0.582658768 0.482273132 -2.925408125
O -0.455054015 1.807155132 -2.534772158
H 1.728497982 -0.013032102 0.798329413
H 0.967055261 -1.500317097 0.227212384
H -1.293028235 -0.532042265 0.779644489
H 0.274334103 -1.804802895 2.391470671
C -0.471778601 0.603262722 -0.786878765
H -0.516182780 0.962578475 1.290545583
O 0.892636061 -1.073830128 2.281826019
N -0.580499351 -0.237959981 -1.890311718
