14

H 1.541931629 -0.230946079 -2.322090149
C -1.406855226 0.277090907 1.199634552
C -0.216124386 -0.065283395 1.684002161
O -0.851918578 -0.147168413 -2.279487848
N -1.566937208 0.396653622 -0.182777554
H 2.674087524 0.069557376 -1.101283193
H -2.449537516 0.652185082 -0.579800367
N 1.792378187 -0.347911298 -1.352374196
C 0.732154012 -0.155441508 -0.521541297
H -0.045539059 -0.293286353 2.728795052
H 1.766152859 -0.456558645 1.203719258
H -2.265457392 0.465764850 1.807648897
N 0.885209918 -0.169822872 0.812844157
C -0.589545250 0.005166867 -1.097290277
