20

C 2.112900496 -0.369022399 -0.770159185
H -2.167525053 1.446545362 -0.906000972
H -0.449416161 -1.611695409 -1.334635735
C -0.363791943 -0.890811086 -0.529500008
H 1.521870017 1.433626652 0.495958388
C -1.454522967 -0.887769520 0.430059224
C -1.319385290 1.371501327 -0.226576835
H 2.085881948 -0.574792683 -1.830892801
C 1.164629102 0.631601274 -0.131573051
C -1.686162472 0.458009064 0.975488305
C -0.156544939 0.635877788 -0.906470954
H -0.059948247 0.853160679 -1.966905951
C 1.032091975 -0.867567718 0.148497537
H 3.098252296 -0.392708063 -0.329492629
H -1.006041169 0.654927611 1.815812945
H -1.938570023 -1.776116490 0.764963686
H -1.040617704 2.377644777 0.074880749
H -2.698280334 0.625304759 1.346824408
H 2.055078268 -1.411129475 1.666126966
O 1.270101309 -1.706586838 1.213595748
