18

H -0.243910074 1.665493608 2.125326872
H -2.121727228 0.043947678 1.580777884
C -0.974200904 -1.223564744 0.109126210
N -0.969745576 1.230941176 0.136340737
C -0.422464460 0.781090438 -1.155694962
C 1.765027523 0.013931427 -0.002992744
H 1.417975903 0.061008833 -2.155416965
C -1.222875953 0.042806748 0.955399513
C 0.894804657 0.044533126 -1.199188828
H -0.688397884 1.443577528 -1.978782535
H 2.772788286 -0.402521521 -0.100385286
H -1.927070975 -1.740452647 -0.053295333
C 1.320541024 0.477586985 1.159022689
H -0.721003890 -1.235323787 -2.131968498
H 1.963321805 0.505494356 2.041822195
C -0.086858988 0.943581939 1.310758829
C -0.457013130 -0.710290313 -1.235739708
H -0.299190313 -1.941840768 0.594890356
