15

H 2.471728325 1.514729023 1.481024384
C -0.282428831 0.465364069 -0.157808647
N 1.538818240 1.720825553 1.130390525
C 0.269485176 -1.003582597 -0.177423194
C 0.382376045 -1.654444456 -1.530051827
H -0.570607960 -2.134148121 -1.869169116
H -0.253410995 -1.666590452 0.528734684
H -1.656611323 1.853213668 0.744992971
C 1.041503906 0.738817155 0.537171364
O 1.531329751 -0.544132650 0.358981460
H -2.444435358 0.386451334 0.091935255
O 1.371584654 -1.660827041 -2.208615541
H -0.319766521 0.899353445 -1.162548661
C -1.552763939 0.772265255 0.616763949
H -1.526801229 0.312705755 1.615622044
