18

C -1.220342755 -1.025636196 0.702911675
H 1.433565378 1.302928567 0.861604869
C 0.116346024 0.553749382 -0.775612950
H -1.231581211 -2.070506811 1.052501082
H 0.906480551 -1.102226377 0.319276720
O -2.108376503 0.500021279 2.340950012
O -0.138470620 -1.692521095 -1.377926230
H -0.778178751 0.896613777 -1.281931758
C -0.009368388 -0.848383665 -0.239037067
H 1.440470457 1.620765924 -2.240362644
C -1.177936673 -0.125688985 1.917209983
H 2.267006159 0.302862197 -1.302111149
H 0.586260378 2.626837015 -0.058562022
C 0.938621402 1.595743418 -0.049610808
C 1.441216111 0.997185528 -1.354886413
H -0.184836492 -0.078063391 2.433415413
H -2.139326334 -0.846404016 0.144666180
H -0.141548619 -2.607275963 -1.092494488
