16

H -0.200638607 0.659248531 -2.206184864
H 0.659544289 -0.877159774 -1.964051485
H -1.639564991 -2.069768906 -0.356319875
C -0.929313421 -1.519533634 0.273720980
C 0.689957321 1.837152243 0.059526879
H 0.610013783 -0.426442951 2.374584913
H 0.638155341 2.430412292 -0.833310962
N -0.601617754 -0.246083781 -0.350593299
N 1.342630386 1.491002440 2.156990767
C 0.216483623 0.596911311 0.387990147
C 0.703613341 0.430569887 1.716855764
H -1.403959036 -1.339458704 1.253037691
O 1.338197589 2.398164272 1.104917288
H -0.044803299 -2.161905050 0.431756616
C -0.280446619 -0.336648524 -1.772781014
H -1.098252058 -0.866459727 -2.276139498
