18

C -0.735636532 -0.690258265 0.712298810
H -1.604508400 -0.212352082 1.169710279
O 0.135591686 0.549353957 -1.844124794
C 0.685810328 1.008379698 -0.673437953
H -1.402211785 -0.440628022 -2.692500830
H -1.895698786 0.663463056 -1.386052489
H -0.432097137 -1.508565784 1.374285817
N -0.104664408 1.703886509 0.330821097
C -1.144293070 -0.086771935 -1.694416523
H 3.359603643 -0.249557212 2.788123846
C 2.506571054 -0.074259423 2.186856270
C 1.531110764 0.132438868 1.496579051
H 1.703912139 1.362997055 -0.846960604
H -0.333354264 -1.938779116 -1.015477300
C -1.086909533 -1.226339340 -0.681726396
C 0.390744954 0.344111353 0.649278462
H -2.045233727 -1.745573997 -0.667105138
H 0.471262902 2.408455133 0.793848991
