17

H 0.178148493 -0.649695694 2.339884996
H 1.643828154 -1.179388046 -0.304701328
C 0.461588502 0.703993142 -0.127805427
N 0.460536480 2.508736849 1.751511693
H 1.043451667 1.046889067 -0.986119747
H -1.719498754 0.390017539 0.159668297
C 0.805248678 -0.772078574 0.272641450
C -1.369855165 0.298330605 -1.974967003
H -2.203314066 -0.376702666 -2.187135220
H 1.930438995 -0.706232607 2.110106468
O -0.451529980 -1.231264114 -0.263803065
H -1.699701667 1.323202848 -2.128142834
H -0.557527065 0.079286598 -2.665394783
C 0.966895342 -1.090280890 1.751108050
C 0.473614603 1.720823169 0.908936918
H 0.963077724 -2.169551849 1.890588880
C -0.925401628 0.103914544 -0.546377480
