18

H 1.569466710 1.406727195 2.299409151
H -0.828213453 -1.983470321 -1.874062777
C -0.964069784 -0.897247910 -1.880730987
C 1.069467545 0.946787417 1.454173565
C -0.249011844 -0.223751560 -0.722981334
H 1.019860029 0.966531456 -1.961087942
H -2.159090996 -1.868225694 0.086905830
H 2.820487022 2.557982445 0.712617218
C 1.477176189 1.349205732 0.124327764
H -0.216212019 -0.225882232 2.683136225
C -0.623710155 -0.575687647 0.603639483
C 0.074205115 0.031061452 1.654052734
N 2.415265083 2.211797237 -0.157862842
N -1.640898466 -1.470516443 0.838092089
C 0.745790422 0.696862757 -0.944324315
H -2.039782286 -0.706748962 -1.859424949
H -1.889919043 -1.682658792 1.777611136
H -0.580809712 -0.532765925 -2.833490849
