19

H -1.062450528 -1.390739202 -1.600692391
H -1.456991076 3.356296301 -1.392832994
H 2.446352243 -2.019189358 2.425298691
N 1.878247261 -2.528339386 1.753072858
C 0.349931508 -2.042783022 -0.105003260
H -2.358635902 1.328725457 -0.265844107
C -0.776544929 2.645501137 -0.917757392
H 0.150479302 2.613843679 -1.496672153
H 2.465805292 -3.089718342 1.160543561
C -0.475290924 -1.115941525 -0.742863655
N 0.246225119 0.476460785 0.800280213
H 0.430913895 -3.055619001 -0.455512226
C 1.087616444 -1.605350733 1.020737410
N 1.059624553 -0.375439793 1.464946032
C -0.543495595 0.183831766 -0.255311161
H 0.220561877 1.386434078 1.225766301
C -1.419098020 1.250785589 -0.836060405
H -1.705022931 0.931055188 -1.846866846
H -0.538227856 3.050185919 0.064771518
