16

O -2.725506306 -1.120872855 0.036542308
H 0.987849653 2.009333134 -0.438571602
C 0.162761793 0.029677328 -0.977867961
N -1.500895262 -1.032695413 0.584933043
H 2.602545023 -0.044471994 -0.770322144
H 0.062077433 1.431730747 1.817751646
H 0.718852818 -0.215461507 1.674919724
O 2.471933365 0.638543367 -0.113863386
O 0.802516043 -1.213113070 -1.174638391
H -1.581993937 0.952742994 -0.014441627
C 1.108716130 0.965866804 -0.147643521
C 0.276928693 0.620479524 1.125232220
H -0.188039586 0.355473906 -1.963723302
C -0.871252477 0.134024262 0.194420680
H 0.841455460 -1.671116590 -0.341438413
H -3.167948723 -1.840140820 0.508710444
