19

H 2.011908531 1.688635588 0.986993015
H -0.286199480 -1.606466174 -2.225122929
H 1.851734877 -0.615481675 -0.494699538
C 1.152372003 0.220308512 -0.528520703
H -0.625526547 2.477775097 1.177493334
H -1.903952956 -0.970496595 -1.842042804
C 0.287102848 0.498753220 1.843954206
C -0.540077388 -1.306185722 0.544917047
O -0.123443291 -0.838534057 1.818899870
H 0.482712001 0.803467035 2.864195824
H 0.013309998 -2.213965654 0.289924860
C -0.287377536 1.499557853 0.882379293
C 1.160916805 1.062454700 0.732420564
C -0.327766299 -0.236597449 -0.552505493
H 1.368229985 0.819937587 -1.415701270
O -1.060815454 0.918354750 -0.137083709
H -1.606423020 -1.549428701 0.601499856
H -0.716733754 0.065331563 -2.647197723
C -0.849971235 -0.717419684 -1.899803758
