16

N 0.233806238 1.594577312 0.484370202
H -0.907902479 -2.286995649 -1.632397294
H -0.509654999 3.510391951 0.243943110
H -1.790547252 2.284407139 0.373151630
C 0.293716818 0.254529357 0.270542830
H -0.834801018 2.439825535 -1.126711011
C -0.783638597 2.489401579 -0.036920946
O 2.041517496 -2.446038246 1.564229846
H 0.614927232 -3.368461132 -0.192919642
H -1.180861473 0.207784101 -1.393147111
C -0.361592412 -1.692335010 -0.902173758
N 1.126514912 -0.405648082 1.048809886
C 1.285322547 -1.763674259 0.903272390
C -0.502072513 -0.352703452 -0.768180609
N 0.498775125 -2.370805502 -0.109446481
H 0.776490450 1.905744195 1.273577213
