16

H -3.646284580 -0.355630934 0.575790942
H 2.652065277 0.901372075 -2.371490240
H 3.185984850 -0.048890457 -0.963929415
N -2.673839569 -0.137834564 0.728239715
O 1.148727894 0.373715252 -1.127125978
H 2.347553015 -0.855637729 -2.313372612
C 0.701582432 -0.640387714 -0.238542646
C -0.797374666 0.719030797 1.421455622
C -2.159162998 0.753420055 1.601767659
C -0.579966962 -0.220513955 0.388484389
H -2.793290615 1.317758560 2.267332792
N -1.732232332 -0.753434181 -0.012176491
C 2.386999130 0.069809444 -1.708036661
H -0.055075776 1.279061317 1.960364461
H 0.556154788 -1.589947224 -0.764624953
H 1.458159685 -0.811890781 0.555863023
