15

C 2.603578091 0.091215692 0.156256542
H -3.275956154 -1.527262568 -0.126080692
O -2.369518518 -1.821083426 -0.097335979
H 2.507124424 -0.512911141 1.066032052
H 0.441119373 -1.699314833 0.089474045
C -1.563026786 -0.715546072 -0.085149795
C 0.316112131 0.491919786 0.007826082
C -1.921810746 0.599837124 -0.148190230
H 3.523145437 0.666136026 0.196213365
H -2.887939453 1.084554911 -0.245083496
H 2.621510267 -0.576562703 -0.712726593
H -0.662580907 2.351753473 -0.091189221
O 1.556613684 1.023328066 0.064530790
N -0.746015787 1.343543649 -0.092487231
C -0.142354876 -0.799607754 0.017910391
