18

H -0.910917103 2.204090595 -0.641512930
C -0.081408985 1.539172411 -0.962218523
H -1.045372367 0.627790034 1.891077042
C 0.347308338 -1.547049284 0.338162690
C 0.848540902 -0.782227397 1.507872939
H -1.398598790 -1.327930450 -1.733619332
H 2.362191200 -0.574113190 -0.289373189
H -2.377767086 -0.033922683 -0.981041968
C 0.584541023 0.920028627 0.252878755
N -0.968521178 -0.884207368 0.276135653
H 0.613447726 2.141744852 -1.557629824
C -1.366247535 -0.449563503 -1.077758074
H 1.153747678 1.662822485 0.807698429
H 0.448941618 -2.631882906 0.218853816
C -0.370634347 0.138849065 1.190748096
C 1.378301144 -0.421421200 0.139320984
H 1.342902660 -1.081819057 2.427913189
O -0.560454845 0.499638796 -1.807507992
