16

H -0.282827914 1.975682974 -0.553842604
H 1.013325572 -1.808197379 1.392694831
H 0.137913197 0.316770047 -2.303222179
C 0.562784731 -0.965565979 0.866450548
C -0.838688850 1.032899261 -0.472636759
O -0.880038321 -0.880318582 1.059263825
H 1.879455686 -0.440125197 -0.771549344
H -1.032751322 -0.779785573 -1.594087601
H -1.861325502 1.236255407 -0.790152133
O 1.411141872 1.081109881 2.115249395
H -1.546004534 1.076040268 1.641584992
C -0.811109424 0.583733082 0.996683717
C 0.642112613 0.446195215 1.468261003
H 0.943036675 -1.896301389 -1.068947673
C 0.885215104 -0.898461342 -0.637663782
C -0.222239584 -0.079930909 -1.348085880
