17

C -0.463197470 -0.398267567 0.119050100
C -0.559606314 0.881981909 -0.579521060
O 0.247876644 -1.550521493 -0.160905898
C -1.793139815 0.007709131 -0.348064870
H -2.226190090 -0.392042845 -1.236908078
H 0.227705225 0.052912481 -2.394626617
H -2.522910833 0.258149922 0.410091192
H 1.363024950 -0.039912153 2.674634457
C 0.100909390 1.030743718 -1.926319838
C 0.212749615 -1.073840857 1.190633416
H -0.551672816 1.776358843 0.024443777
H 2.029691696 0.047533162 1.046231747
C 1.526605010 -0.599758565 1.751224995
H 1.087195396 1.481920242 -1.840420127
H 2.180753946 -1.448524356 1.983543754
H -0.486381829 1.649105549 -2.584590912
H -0.373412758 -1.683547020 1.871504188
