20

H 2.089221239 -0.926444530 -0.367793769
O -0.595116794 0.193006411 1.371083617
H 0.271943867 2.656805515 0.044453904
N -1.975284934 -1.222860098 -0.569554865
H 2.720555782 1.403947234 0.015843607
H -0.920436859 -2.558442354 0.705384195
H -2.669084311 0.782009304 -0.436348349
H -0.171632528 -2.315473080 -0.870780528
C -0.525543630 0.589763284 -0.009806005
H 0.714519382 1.690997124 -1.363465667
H 2.079813719 -0.909785509 1.389982224
C -1.788932562 0.241863459 -0.778408110
C -0.711034715 -1.811807990 -0.061689351
C 1.620362639 -0.460597366 0.507766664
C 1.780468702 1.094553709 0.479839176
C 0.113718830 -0.644052804 0.448930234
H -2.701375484 -1.368844390 0.123698264
H -1.647604585 0.460050762 -1.852483869
H 1.775958657 1.466378808 1.502870202
C 0.539484143 1.638932467 -0.279521167
