18

C 2.224961758 0.710504413 -0.744126916
H -2.512390137 1.225930691 1.301741481
H -1.361778378 -0.912228465 1.845935583
H 3.031723499 0.523877680 -0.015651494
C 0.963172972 0.016579986 -0.356012285
C 0.232291728 0.395617068 0.911999524
H -0.771670818 -2.473734617 0.075483568
H -2.156781912 0.975516081 -0.430136919
H 0.868728697 0.433782041 1.806597829
O -0.513314962 1.635035396 0.735509574
C -1.060484409 -0.453276873 0.904724300
H 2.586014509 0.391330302 -1.722190022
C 0.300483704 -0.936064780 -1.010053515
H 0.584550917 -1.329193950 -1.977113485
H -1.824432015 -1.454172730 -0.894884586
C -0.924917102 -1.441862583 -0.269802660
C -1.749718308 0.892626703 0.585091293
H 2.083560944 1.799733639 -0.747110963
