20

H 0.746812820 0.328890592 1.288865805
H 2.880929708 0.153262392 -1.458315611
H -1.829576731 2.785379171 -0.617741406
H 1.942003727 -2.579144716 0.661574900
H -2.703076601 1.478198647 -1.433507085
C 1.492644548 -0.747592211 -0.421123415
C -2.458467484 1.904985905 -0.455615401
H -0.159838647 -1.163615704 0.902852356
O 2.168088436 0.434020519 -0.862488985
H 3.268091679 -1.987158656 -0.323382527
C -1.727351904 0.872207582 0.392080545
O -2.555116177 -0.252402365 0.664070427
H 1.060950279 -1.271288633 -1.283958554
H 2.880109787 -1.168009877 1.194414258
H -1.440067172 1.289281607 1.371114969
C 2.449870825 -1.674236774 0.322682530
C 0.344634295 -0.283996969 0.467138559
H -3.379185677 2.200021744 0.040939316
O -0.563235044 0.465988576 -0.319972336
H -2.418221235 -0.784790933 -0.129628420
