16

H -1.277083397 1.160612941 -1.447736025
H 2.084686995 -1.202071905 -0.108689077
H -2.117732286 1.777899504 1.291086197
C 1.062990069 -0.882106304 0.000339314
C -0.630458653 0.745469034 0.673840404
O -1.651273966 0.995505452 1.561269522
C 0.410328001 1.458520770 0.104110777
C -0.055212956 -1.818021774 -0.357835799
H 0.544169664 -0.703643441 -2.208017826
C 0.743010640 0.243182361 0.972532392
C 0.171440884 -0.602856696 -1.200926304
H 0.230817288 -2.763583422 -0.799355209
H 1.182494998 0.326091141 1.951855779
H -0.927654386 -1.879403591 0.285682440
C -0.550323784 0.679172575 -0.821284235
H 0.779801667 2.465234041 0.103127949
