17

H -2.295436859 0.657211185 -0.507869184
H -2.907436132 -0.062793128 1.803920627
H -1.587962985 0.241579011 2.955278158
H 1.605801702 1.538400412 -2.659495592
H 2.405148745 -0.514993548 0.102726437
C 1.644126654 0.483677596 -2.387662649
O 0.892736018 -0.946069360 2.245000362
C 1.354584098 -0.269637048 0.017698232
C -1.280151129 0.359147966 -0.238340363
H 2.691290140 0.193997562 -2.250593901
C -0.919111431 -0.130976081 0.938499689
C 0.502544165 -0.494990766 1.178003311
H 1.221996427 -0.091981754 -3.226944685
C 0.870703280 0.226983622 -1.144930005
H -1.872464538 -1.392387748 2.398266554
O -0.436582536 0.544648051 -1.298309922
C -1.889785886 -0.341815859 2.074753284
