23

H 1.599746346 -0.955839097 -1.669600129
H 2.069049358 0.709757984 -1.319119215
H -1.493770123 1.824684501 -1.610670328
H 0.028175725 2.497356176 0.783596098
C 1.308120131 0.084376588 -1.781670094
C -0.155624971 0.421324849 0.313817680
C -0.075667888 0.383850098 -1.187976837
H -0.972379148 -2.061388493 2.316719770
H -1.626044273 1.926085114 0.721928656
C 1.094620466 -1.630883574 0.780678570
N 0.024498763 -0.686552405 1.088800430
C -0.609604299 1.648047209 1.016699433
H -0.591600657 1.492352486 2.092492342
H 2.045018435 -1.110869765 0.627081454
H -1.910808802 -0.620498180 1.904789925
H 1.215093255 -2.298016071 1.622376442
H 0.898101985 -2.239969015 -0.109513029
H -0.753036201 -0.420008570 -1.515393257
C -1.197471380 -1.357850194 1.530444741
H -1.683525443 -1.911899567 0.707816541
N -0.552868426 1.608051419 -1.848137379
H 1.284977317 0.314521432 -2.853566408
H 0.054999296 2.383366823 -1.611595035
