15

H 2.509535074 -0.046960171 2.561593056
C -0.963059425 0.939783871 0.956235886
O 1.834637523 0.600856602 2.804908037
C 0.011125214 -0.336815268 -2.143349886
H 1.089459300 -0.480142474 -2.002538919
C -0.748274863 -0.797104120 -0.892644107
C 0.840025187 0.523085773 1.913111925
N -0.353905499 -0.058712814 0.295645207
N -0.250093192 1.332463861 2.002498627
H -1.916630983 1.342236638 0.654590845
H -0.169209778 0.728377521 -2.334411860
N 0.852359235 -0.333407998 0.903244615
H -1.837089181 -0.645759881 -1.007736921
H -0.319220603 -0.917659879 -3.011202574
H -0.579658151 -1.850241661 -0.699943781
