13

H 2.105890989 1.010281563 -0.837635577
H -1.458024025 0.794780016 1.463659763
C 0.525202990 -0.608538747 -0.715265155
H 0.359710664 -2.299240351 -1.488995671
H -2.112768650 -1.591665268 1.044105530
C 1.082336664 0.767861068 -0.546441972
N -0.575842202 0.448208541 1.088708997
C -0.598152757 -0.698023021 0.284775645
N 0.941749871 -1.451740742 -1.548119903
H 0.707591355 2.180166483 1.189915776
O 0.070619516 1.753963470 -0.811500669
N -1.388284445 -1.700545549 0.341702193
C 0.339970410 1.394492626 0.535090923
