16

C -1.355902910 3.409076929 -1.490413427
H -1.370176196 -1.629018545 2.617909670
C -0.653356314 1.186209917 -0.268476576
O -0.677940011 -1.541725039 1.957143068
H 2.204067707 -2.485941648 -0.301955909
O -0.937703490 3.785880804 -2.564739704
H 0.955051303 -0.614429295 -1.279457450
C -0.236248434 -0.033978451 0.352396667
C 1.016243458 -0.686817229 -0.182022735
H -2.102328062 4.014590740 -0.912469685
H 0.475977629 -2.807701588 -0.028717067
H 1.862276077 -0.042640254 0.097317159
C 1.308278441 -2.146070719 0.228128120
N -1.004596233 -0.369756848 1.318219662
C -0.964291096 2.197274923 -0.847461760
H 1.480648398 -2.234952688 1.304599643
