16

H 0.279923946 2.307513714 -1.418684840
N -1.358658910 -3.049379587 0.512329221
H 1.606263876 0.013338607 1.943798423
H 1.630005836 0.149872556 -0.556664288
H -0.218859732 0.011792200 1.916945577
C 0.705436885 -0.218143597 1.396812320
C -0.538991451 0.377308130 -0.845413208
C 0.682592809 -0.121208072 -0.098158620
H -1.494263530 2.233659983 -1.455657482
H -0.635939896 2.338635921 0.086024672
H 1.647133589 -2.038071394 0.529193997
H -1.442828178 -0.016163157 -0.349556535
C 0.714827597 -1.500319004 0.564942658
H -0.547851562 -0.041407064 -1.852890134
C -0.432285219 -2.349885225 0.538759291
C -0.596506178 1.902455449 -0.911781549
