21

C 1.205237389 -0.343587190 -0.570904076
C -1.400399685 0.752415121 1.209789276
H 0.091570273 0.918316007 -1.872724175
H 1.221581101 -0.324511766 1.658293366
C 1.618730783 -0.836376309 0.803499937
H -1.924673080 1.138101935 -0.779400110
H -1.541770935 -1.205428481 -1.501879096
H -0.660283625 0.539112329 1.917279363
H 0.611604512 2.397362709 0.689729929
H -2.385898829 0.895559490 1.576941848
H -2.556295872 -1.181330204 -0.051219899
H 2.627532244 -1.197045326 0.935047269
O -0.662129283 -1.761622429 0.304331988
H 1.735148549 2.368778467 -0.719079494
C 0.217897892 0.825365663 -0.785963595
H 1.981704116 -0.362608314 -1.319796085
C 0.680471957 -1.653222680 -0.075347178
C 0.840696096 2.028316736 -0.263119370
H 1.060127854 -2.568624973 -0.505128443
C -1.205601811 0.529010057 -0.214626804
C -1.555249214 -0.957980454 -0.435724765
