13

N 0.020805713 0.880189598 3.189629555
H 0.419695944 -2.271595955 -1.630473256
H 1.142621994 0.138941064 -2.412218809
C 0.668112099 -0.121199630 -1.479714513
C -0.103964955 0.564025581 2.076506615
C -0.255419999 0.167977408 0.711171687
O -0.618162215 -2.235647202 0.990552783
N -1.161808729 0.962299883 -0.193255559
C 0.326102197 -1.349250197 -1.067137241
H 0.891929209 1.830739379 -0.329971075
C 0.303691745 0.925630391 -0.458890945
C -0.243308514 -1.316083908 0.310678184
H -1.390294313 1.823973656 0.293122441
