19

C 0.632362604 1.456194282 0.554337084
C 1.682070494 1.046094179 -0.433457494
C 1.076708078 0.008887814 0.490327746
C -0.545438468 -0.678574264 -1.411130667
C -0.625496030 -3.027009010 1.422897339
H -1.114037514 -1.505080938 -1.829928279
C -0.368082613 -2.040110350 0.774696469
H -2.264394522 -0.164364681 -0.131574586
H -0.835595429 -3.898350716 1.998060942
H 2.702461720 1.347264528 -0.221705079
H 0.116764680 -0.224111170 -2.131035328
H 1.732564211 -0.437555701 1.221706271
H 0.927804232 2.105269194 1.370479345
C -0.103375688 -0.847095728 0.038019501
C -1.241540194 0.119078629 -0.337950647
H -0.926338613 2.246065617 -0.781875730
C -0.816691875 1.532220244 0.043411188
H -1.465902805 1.890198708 0.856007338
H 1.436157346 1.070978999 -1.491285682
