14

C -1.710006595 0.099181980 -0.320135415
O -0.410860658 0.911281168 1.693598747
C 1.751236320 -0.244829357 -0.111522600
H -0.716924191 -1.097327590 1.300724745
N 2.561932325 -0.103756651 -1.077572703
H 3.505942106 -0.229125634 -0.748833716
H -1.123267531 0.917874336 2.335393429
H 2.003196001 -0.492676228 0.922587574
N 0.382675707 -0.123997211 -0.256689250
H -2.438611746 -0.700779676 -0.453854948
O -0.407685757 0.085321523 -2.493423939
C -0.647081614 -0.122845218 0.795019746
H -2.217866421 1.055270672 -0.272188276
C -0.532677770 0.046407938 -1.313103080
