17

C 1.009973764 -0.039450593 -1.541296840
C 1.285826802 0.716292560 -0.266481489
H -1.012390375 -0.851232409 1.849387407
H 0.321844161 1.911141515 -1.636075735
H 2.191947222 0.783469081 0.322877705
C -0.336230993 -0.402440190 -1.002981305
O 0.440029562 0.404240489 2.668519020
H -0.149891630 1.162286282 2.768862009
H -2.859294891 -1.910140753 -1.145304561
N -1.216500998 -1.173301458 -1.511521339
H -0.779687405 1.222337961 0.426187962
H 0.691958249 -1.224660873 1.507074952
N 1.202298284 1.413504124 -1.531220913
O -2.282215595 -1.349035382 -0.613059044
C -0.115342781 0.364035487 0.299631447
H 1.637577653 -0.617584527 -2.210171223
C -0.029900964 -0.409461558 1.615571499
