19

H 0.122454114 -1.751989126 -2.504298210
C 0.815366685 -1.349023700 -1.786888599
C -0.154099762 -0.591424227 1.429643393
H -0.596563637 0.256719083 -1.198937297
H 1.435805559 -2.083498716 -1.280499578
H 1.191594243 0.555095434 -2.917319059
C 0.375985384 -0.170841396 -0.959341466
C -1.588240266 -0.092488758 1.194753289
H -2.115528107 -0.465026021 0.317418307
H -1.190213442 1.952308655 0.259799778
H 1.150261760 1.277401567 1.991150141
H -2.221708059 -0.250188738 2.072527170
N 0.795494676 -0.146747589 0.410790741
H 2.450552464 0.156544134 -1.653054476
H -1.379534364 1.955637693 2.017275810
H 0.131689578 -1.436689615 2.058568478
C 1.440222502 0.000804354 -2.017484188
C -1.038073897 1.368550420 1.165169477
C 0.374534845 0.814856350 1.400726676
