16

O 0.106063277 -0.748977900 2.376052618
C -0.259598732 -0.785613298 1.032484293
H -0.869887292 -1.650434613 0.780739427
H 0.971337914 1.908472419 -0.440452188
C 1.260861397 -0.966220260 -1.123643398
C -0.542231858 0.457783699 0.263654739
H 1.058849931 -0.779370308 2.437166452
C 1.769348621 -1.602593660 -2.010805130
H -2.423592567 1.501378417 0.275778562
H -1.618552685 1.499187946 -1.291386127
C 0.656247318 -0.256039351 -0.068337418
H 2.216601133 -2.152449608 -2.797541142
C -1.818894029 0.899944007 -0.407894135
H -2.413545370 0.023695905 -0.704298019
C 0.752925754 1.200891614 0.350652963
H 1.154066920 1.450345278 1.327828646
