18

C 0.882570446 -1.893792152 0.229421899
C -1.598272920 2.272763014 -0.976675808
H 1.446431756 0.053174004 0.750647783
H 0.280655295 -0.989720583 2.716320276
C -0.286738604 -0.510414124 1.907563090
C 0.520580113 -0.525925756 0.589269757
H 0.090602994 0.888048887 -2.626740456
C -0.242293328 0.145457000 -0.553463161
N -2.595820427 2.755801678 -1.308886528
C 1.153612614 -3.037373066 -0.048231702
C 0.473580420 0.922055244 -1.606681943
H -0.511741519 0.511106670 2.199495554
C -0.368550181 1.660947680 -0.569019377
H 0.162661016 2.212530375 0.205596164
H -1.230754495 -1.058845878 1.783748984
H -1.120268106 -0.408224106 -0.870752215
H 1.400537491 -4.045947075 -0.296086997
H 1.543207765 1.048358679 -1.525524855
