15

H 1.426719189 -2.211223841 0.270237207
H -2.371456385 -0.758836925 -0.801280379
H -0.085390292 1.806531668 -1.494101405
H 1.248368502 -1.268721581 1.760824680
H -1.797743678 0.846156716 -1.189169526
C -1.777286530 0.067945987 -0.414116830
H 2.879817963 -1.534642220 1.078704357
N -0.463863850 -0.420237869 -0.040714502
C 0.570761621 0.240850732 -0.341400564
N 0.717912257 1.375973701 -1.091447830
C 1.828197718 -1.376112700 0.845797956
N -3.060641050 1.004717827 1.669207215
C -2.505645514 0.592862666 0.759707212
H 1.608551145 1.810559750 -1.091288447
O 1.781698346 -0.175823718 0.079040237
