17

H -2.206063271 0.397447854 0.469618380
C -1.752958536 1.324254513 0.068882845
C 2.193942547 -0.926356971 -0.341486454
H -0.375839651 -2.329699039 0.023231989
H 1.413243175 1.318098426 0.922798097
H -0.852894425 -0.550370336 -1.525126576
N 0.131271213 -1.737040520 0.623495698
C 0.802906096 -0.631420970 -0.008910064
C 0.540025830 0.696739137 0.785142839
H -1.866673350 2.111147642 0.816029072
H -2.321698666 1.622324228 -0.817730546
H 0.707923889 -2.222099781 1.294384599
C -0.001870670 0.057203293 -1.164387822
H 0.057230584 0.509408116 1.747420073
H 0.604293883 0.364058077 -2.017925501
N -0.355691165 1.188107967 -0.281283975
N 3.282852888 -1.191802382 -0.594152689
