15

C -1.177420616 -0.555552781 0.672058403
H -1.980859756 -0.843043506 1.336572289
C 0.780412734 -0.796882570 -0.760798335
H 1.110881448 -1.398622751 -1.610999942
C 0.091309786 -1.301073909 0.503153741
C -2.201267719 1.480902314 -0.281700939
H 0.171461627 -2.350972176 0.765380085
C 1.411743760 -0.488269210 0.567688346
C 0.235670105 0.656932533 -0.723280609
N 1.142217636 0.954721868 0.482882231
N -3.051517487 2.261035442 -0.432493150
H 0.342306465 1.322430015 -1.572748661
H 1.984552026 1.399747133 0.100978449
C -1.159308076 0.545528471 -0.108335651
H 2.299818039 -0.886881113 1.061643720
