16

H 0.048476540 1.640182018 -2.387973309
O 1.128282309 -3.350170135 1.052254438
H 0.609959245 -2.326449871 2.703177452
C 0.756422102 -0.956765592 1.118367553
C -0.536667228 1.115652680 -1.630340457
H 2.254766703 -1.987222910 2.165879488
H 0.807531297 1.983294964 -0.090538964
C 1.228937030 -2.157974243 1.816855311
H 1.598332882 -3.213462114 0.236628234
C 0.009022549 1.225579619 -0.179495439
H -2.723070621 1.351104856 -1.178842664
H -1.872766376 2.899795294 -1.401183963
C 0.410446495 0.035369821 0.528662860
O -1.251452804 1.791077495 0.275549620
C -1.754728913 1.858716130 -1.078011632
H -0.713491738 0.091272473 -1.950988889
