18

H 2.874342918 -2.448795080 0.292766184
C -1.943774223 1.264077783 0.540206671
H -1.603544474 -1.079753041 0.704992354
H -0.162097007 2.568959713 -0.356892496
C 0.155358046 0.520098746 0.808772087
H 0.539282382 0.661720395 1.819627285
C -0.547556579 0.286093593 -0.929679930
O 2.522861481 -1.552565694 0.344901085
H -2.814952135 1.425145268 -0.107702218
H 1.494419813 -1.828555584 -1.460121751
C 0.868620217 -0.062918112 -0.424227178
C -1.233905196 -0.092277832 0.427549511
H -2.152761221 1.635156393 1.544534087
H 0.553309381 -2.147003889 0.009173418
H 1.669376850 0.574668527 -0.822763383
C 1.331343174 -1.501052737 -0.414440840
C -0.571233809 1.602087855 -0.057386294
H -0.979089677 0.174914077 -1.919308424
