18

H -1.191734195 -1.233027697 -2.513635635
C -2.101168633 -1.355161309 0.517351687
N 0.625837564 -0.088724039 -1.149961710
H -2.694661140 -1.591294408 1.380479813
N 1.719716191 0.062112462 -0.381361485
H 0.955473304 -0.046562396 1.674147367
N -0.889617682 -0.778729796 0.631266892
C 1.830144048 0.101894900 1.059013128
N -1.354120970 -1.154004693 -1.526946783
C 1.875057220 1.370933771 0.245924711
N 0.825411916 2.280192375 0.384871602
H -3.286510944 -2.010163784 -1.249799848
H 2.845491648 1.814749837 0.005926047
H 0.156169906 2.340576649 -0.320055366
H 0.802242517 2.821054935 1.223335862
C -2.418044329 -1.587369919 -0.796720386
H 2.747130394 -0.305366278 1.456645489
C -0.446816713 -0.641110778 -0.640481174
