17

C 0.682636380 -1.331154704 -0.929359138
C -0.214237392 -1.571365714 0.055124264
C -0.045573510 2.058249712 0.294948071
O 1.335542440 -2.186291456 -1.740145922
H 0.755945504 0.494303167 -2.083888054
C -0.633012056 -0.327665448 0.581155956
H 0.727686703 2.251663923 1.048717141
C 0.922046781 0.140374467 -1.056581140
N -0.083376504 0.683773220 -0.144390792
H -0.572893381 -2.518285513 0.422395766
N -1.494290352 -0.149713427 1.645372510
H 1.088071346 -3.089414120 -1.511076331
H -1.006871939 2.327994347 0.726863801
H 0.133455202 2.713205814 -0.552071989
H 1.951321125 0.415232420 -0.774042666
H -1.132332802 -0.053162050 2.550573587
H -2.414117575 0.142255113 1.466404915
