17

C -0.196654990 0.013924889 -1.050355911
C 1.212465763 1.563818932 0.126507193
C 0.621186554 -0.970498085 -0.179728001
H 2.107065439 1.248880982 -0.452746660
H 1.258082271 2.641868591 0.344626755
O 1.151371479 0.905303359 1.373210669
H -2.066789150 -1.085563064 -1.383119345
H -2.367671013 -0.718875170 1.454672813
C -1.673369050 -0.316891640 -0.701367795
H 1.207447290 -1.749353051 -0.655460954
C -1.566501379 -0.804787576 0.733830333
H -2.305924416 0.574150264 -0.811190605
O 0.051765032 1.373705626 -0.631533325
C 1.021353960 -0.493444800 1.211278915
H 1.802827716 -1.027654052 1.761991024
H 0.029458046 -0.045436706 -2.121644497
C -0.286113322 -1.109148741 0.981029034
