17

N -0.378058761 -2.243527174 0.575589597
O -0.462284654 -1.242173672 -1.839032412
N -0.212534294 -0.103723742 -1.384848714
H -0.562819719 -2.855111122 1.372152925
H 0.605913281 1.673262596 2.799073458
C 0.178763077 -0.410662949 2.180919409
H -0.234635085 0.604353011 -3.339195967
C 0.407437772 0.967926323 2.003146648
C -0.012354469 1.001816511 -2.349143028
H 0.207130432 -0.953205585 3.117971897
H 1.011208057 1.342671514 -2.294766426
H -0.477720529 -2.300579309 -0.467564821
H 0.402885288 2.272396564 0.199295536
C 0.301690817 1.288746119 0.645494103
C 0.006055837 0.096510008 -0.039812621
H -0.695383370 1.820718527 -2.105975628
C -0.085293651 -0.959417105 0.926696658
