18

N -2.750307798 -0.287086636 -0.005982571
H -3.660289526 -0.617590785 -0.271857977
H 3.598952055 1.023203611 1.017101407
H 3.313423634 0.916644990 -0.729213178
O -1.690193057 -1.514636874 -1.683724523
C 3.072784185 0.468785822 0.243281245
C -1.597117543 -0.658458829 -0.624353349
H 3.442821264 -0.577267230 0.242396340
H -0.518677890 1.367626667 1.729017973
H -0.804812074 -1.834940195 -1.902910590
O 1.699838161 0.535598576 0.539640486
C -1.090691686 0.766759932 1.034348011
H -3.229518890 1.022603273 1.628863096
H 1.088221431 0.220734864 -1.415613055
H 1.201682687 -1.236943364 -0.402918100
C 0.907697856 -0.166499048 -0.397245914
C -0.534436584 -0.030090617 -0.017012140
C -2.449376822 0.601556003 1.016183019
