17

O 0.026992388 -0.507050097 1.828417420
C -1.216105580 0.237827674 -0.272671014
H 1.392591357 1.377458930 1.154523969
H 1.328838944 -1.705715179 -0.761005938
H 2.054600477 0.525252521 -0.326140374
C 0.020960018 -0.235256866 0.370087475
H 0.152498230 -2.472265005 0.407074690
H -2.127510548 -0.141890317 0.197419301
C 1.409548998 0.458067149 0.553205788
H -0.429606229 2.184138536 -0.974795878
H -2.087832689 0.038945891 -2.134447575
C 1.383715868 -0.864657342 1.348927855
H -2.255537510 2.078562737 -0.925849199
N -1.189064503 0.308692545 -1.750491619
H 2.100321293 -1.234084010 2.081171513
C 0.741987884 -1.589174032 0.149642006
C -1.306397557 1.541147351 -0.945068955
