17

C 0.873257399 1.158376813 -0.165034935
C 0.382256299 0.793278158 1.124344230
N -2.878630877 -1.030184984 -0.625808895
H 1.884812593 1.565903425 -0.249503538
H 0.280166656 2.264294624 -2.045657873
C 0.550919533 -0.606013775 1.527819037
C -1.724142194 -0.997847795 -0.722268522
C 0.329345614 0.271444052 -1.169574261
N 0.398208499 -1.518362164 0.378657669
H 0.176844940 -2.462699652 0.634137988
H 1.547708154 -0.766262352 1.978500724
H -0.182964221 -0.858129203 2.299656868
C -0.238812536 -1.032889724 -0.839649439
H -1.118922472 1.864791989 -0.959571481
H -0.139410317 1.493232369 1.758751035
H -0.037871931 -1.750623226 -1.661968470
C -0.102764800 1.611691713 -1.262830138
