17

N -1.032156110 -1.657532096 2.258419037
H 1.651353836 1.597475171 -2.928546190
H -1.199569106 -1.899555087 3.245952129
O -0.741933405 -1.509971738 0.103869908
H -1.288844824 -3.347090483 0.924482763
C 1.046967268 1.804945588 -2.051865816
C 0.722273767 0.495000035 -1.327368617
N -0.184022352 0.761331677 -0.214449152
H 1.600898147 2.495423317 -1.413514733
H 0.231270000 -0.203304112 -2.000997305
C -0.473105460 -0.260142326 0.652706742
H -0.503299713 0.436269701 2.733691216
C -0.620673537 -0.312218904 1.978030324
H 0.124991119 2.298975945 -2.379017830
H 1.656532049 0.012657962 -0.995039880
C -1.062880278 -2.314804316 1.117401838
H 0.072198279 1.602539420 0.296245486
