18

H -1.499252796 1.159997344 -2.456388235
H 2.132661819 0.676922739 1.439024687
H 0.196763292 1.221958637 -2.979669094
H 0.612069547 1.045191646 2.250201225
H 1.477755070 -0.455584228 2.617861509
H -0.589366317 -1.903532743 1.992269278
H -1.378081918 -1.655001402 0.416721255
C 0.104215749 0.490383953 -0.438441306
C 1.206899524 0.241240501 1.815916419
H -1.502922535 -0.418280572 1.686603427
H -0.719409168 1.166167736 -0.134874269
H -0.842744291 -0.122058302 -3.509426355
H 1.092366457 -1.243871927 0.272857904
C -0.833473563 -1.153078198 1.232747197
H 0.975271344 1.134074688 -0.654794216
C -0.614901185 0.551786661 -2.678285599
C 0.438455671 -0.477295071 0.702929139
O -0.256306708 -0.259021521 -1.575253248
