15

H 0.588595867 1.888377190 0.036649533
C 0.130112112 0.936593652 -0.235484824
C -2.026499510 0.101134926 0.717690766
H -2.420217514 -0.482894838 1.536983252
O 2.531542540 0.427766800 -1.759236574
H -2.312713385 -0.399510145 -0.227126613
N -0.590062380 0.266851962 0.888943672
H 3.341381311 0.064433180 -2.113746166
H 0.724679053 -1.286130905 1.662138343
N 2.089416981 -0.603504300 -0.890472054
C 0.211933210 -0.976065934 0.745828450
C 1.043117762 -0.262922794 -0.292482615
H -0.474246711 1.073887587 -1.150400639
H -2.504581928 1.085917115 0.735124528
H -0.332458138 -1.833933353 0.345591366
