16

H 1.610653281 -1.360499620 1.153851867
C -2.246209621 -0.075632609 1.065950751
H -3.045080423 0.648602188 1.293501258
H 2.596768856 -0.366159111 -1.326444149
C 0.347403914 0.561520815 1.013041735
C 0.326166153 0.291582465 -1.374689937
C -1.022653937 0.560030460 0.759052992
C -0.262700468 1.168620348 -0.264356732
C 1.119886398 -0.671814084 0.494643927
H 0.803762019 1.157783985 1.780255079
O -2.465914011 -1.265295506 1.098349333
C 0.487697899 -1.077580571 -0.805620909
H 0.216220185 -2.017882824 -1.200628996
C 1.636605024 -0.282382995 -0.857888162
H 0.179751590 0.495113432 -2.415374279
H -0.282356530 2.233993769 -0.413643301
