17

C -0.539452851 1.238322139 0.153940856
O 0.616292119 -0.968150973 -2.467162848
C 0.645274580 -0.451936454 -1.383798838
H 0.905024469 1.842815280 -1.524509907
C 0.609056830 0.998716533 -0.897302985
C -1.460463405 0.021319032 0.294412881
H -2.214368343 0.199604765 1.064503431
H 2.386385679 0.672621965 0.623763204
H -0.976804495 -2.133584738 0.311609000
C 1.327739477 0.524903595 0.399359435
H 1.531202435 -1.777511120 0.228347331
H -1.995521545 -0.176337004 -0.642271519
O 0.414806813 1.209414959 1.248608351
C 0.838050127 -0.952790141 0.053450383
H -0.462705195 -1.255643725 1.765296340
H -1.060275912 2.197770596 0.103225566
C -0.564241111 -1.189534664 0.668529272
