18

C -0.614010453 -0.247114107 1.107843041
H -0.046770550 -2.386903524 1.127035141
H -0.370247185 -1.724010468 -0.479095340
H -2.281492949 -0.433093905 -0.339052916
C -0.609890103 0.934610546 -0.930708587
H -1.010370374 -0.436407447 2.102880478
C 1.771547675 -0.136124343 -0.378757149
H 1.224647641 1.951435566 -0.244197503
C 0.733654320 0.982234180 -0.145332500
H -0.918414772 1.921361208 -1.251762748
C 0.070469283 -1.498814464 0.506493449
O 1.475096583 -1.287268877 0.379212439
H -0.512313783 0.316308886 -1.836445332
H 1.841502309 -0.384287596 -1.441681862
H 2.751091242 0.185142726 -0.037945893
C -1.611833692 0.315044373 0.089629233
O 0.317867935 0.835090876 1.202995658
H -2.210533381 1.092796206 0.568890393
