16

N 0.868940473 1.101553082 0.070150338
O 0.893055201 -3.100293875 -0.946499288
H -1.873731971 1.618848324 -0.284510642
C 0.949993849 -1.911098123 -0.686408579
H 1.898023844 -1.406254888 -0.437808067
N -1.485399961 -1.449909568 -1.026416421
H 2.126501799 1.644203305 1.654349446
H -3.283472061 -0.346388966 -1.088216186
H 0.793802798 2.063219547 -0.246443480
H 0.444626778 1.268605351 2.162327290
C 1.261283755 0.999108493 1.472180843
C -0.210077450 -1.038476229 -0.669726908
H 1.555158257 -0.043837432 1.693518758
C -2.227227449 -0.404548734 -0.887032568
N -1.498809099 0.700730145 -0.454289258
C -0.212669253 0.304539800 -0.325175554
