19

C 0.594346464 0.461242795 -0.854907215
C -0.449939519 0.849928021 -1.919628859
H -0.649567306 1.921937704 -1.907530189
H -0.137255147 0.588598013 -2.935777426
H 2.398609877 0.089445539 1.269414306
H 2.130237579 -1.609086871 1.710671902
C -1.707506061 0.110365354 -1.509086490
H 1.198005319 -0.388797492 -1.193701148
H -2.675183773 0.356387258 -1.947828889
C -1.578581452 -0.357237697 -0.123317048
O -0.191869110 0.892222703 1.526240468
H 2.058923960 -0.358560324 2.952491283
H 1.273260117 1.278636813 -0.606498599
H -2.410794020 -0.467452645 0.559350133
C 1.816644549 -0.584676027 1.908828855
C 0.343164921 -0.437505603 1.661124229
O -1.495209336 -1.279104948 -1.218855500
H -0.302301198 -1.096198559 2.249267817
C -0.214985773 0.029855985 0.379742295
