20

C -0.419017047 -0.924265802 1.871271729
H 0.020106658 3.212593555 -0.974154115
H 0.056903251 -2.278691292 0.270054966
H 0.877311409 -1.925083995 2.929525852
H -1.455215454 2.227349281 -0.882609189
C 0.257633448 -1.238620281 0.532400906
C 0.385247618 1.091857314 -0.774268210
H 1.259389997 -1.137229562 -2.065963507
H -0.372503012 -0.943581104 -2.779320002
H 1.369221687 1.180267811 -0.281077147
H -0.489727139 2.530079126 0.586342871
C 0.325106412 -0.554302931 -2.032064199
O 0.576354802 0.861391008 -2.194914579
H 1.345113873 -1.140642166 0.641876042
C -0.429512590 2.342379332 -0.494639456
O -0.054314014 -1.811138391 2.914514542
H -1.315534830 -0.266879588 -0.606643379
H -1.503826737 -1.018658876 1.777640104
C -0.217697129 -0.320228189 -0.603637695
H -0.215041220 0.113404363 2.165664673
