17

H 0.534160912 2.158785105 -0.049091335
H -0.653377414 1.587963939 2.140516281
C -0.375536382 0.745623887 1.511095881
H 0.168665931 -2.563646317 1.257036328
C -0.485158086 -0.878185451 -0.142025039
H -2.081200600 0.892206192 -0.059224725
H 0.630929351 0.637095094 -4.286905766
C 0.796225548 -0.058285616 -0.645333409
C -1.108898640 0.505401850 0.211541966
C 0.687570274 0.435597509 -3.241220713
C 0.257833123 1.131725430 0.162527502
H -0.943502486 -1.512378812 -0.886261880
C -0.040257502 -0.579188704 2.111841202
C 0.753236771 0.208988950 -2.068022013
C -0.117863171 -1.521971822 1.169207811
H 0.220803902 -0.718150020 3.153152704
H 1.756368279 -0.471581727 -0.338834792
