17

O -0.186345279 -0.445381999 3.238487959
O -2.032200336 -0.577827573 -1.558875680
H 1.736126542 -0.611053765 -0.713061869
C -0.630594254 -0.550212324 0.360469609
N 0.596528232 -0.344446301 1.028726220
H -0.619647443 1.384803653 -2.533179760
O 2.872191906 -0.112473927 0.890036821
C 1.825215340 -0.341803044 0.358704448
H 0.561358094 1.530426979 -1.224905133
H 1.687491179 0.119609974 2.723734856
H -0.044735789 -0.896634340 -1.688506722
O -1.595757127 -0.950675368 0.944225788
C -0.747747660 -0.253627002 -1.142703056
H -1.145363212 1.869452238 -0.920354426
C 0.675874949 -0.202942938 2.449810266
H -2.500879526 -0.840688288 -0.750700414
C -0.451515883 1.223474145 -1.461908937
