15

C 0.434598655 -0.994472027 -1.806469321
N -1.540480375 0.383055091 -1.473028898
H 0.583109975 -1.623679399 1.576799870
O -0.899900794 1.262829661 0.533552349
H 0.157362834 -0.139506981 2.554144144
N 1.287409306 -1.301424980 -2.530296564
C 1.382921696 0.304657042 0.741904616
H -2.228127956 2.212950230 -0.722706258
C -0.059344012 0.119175225 0.380946219
H -1.170733452 -1.511282563 -0.605848968
C -1.609223366 1.324620724 -0.627168000
C -0.606231451 -0.595676243 -0.865980983
H 1.664721251 1.282000780 1.115363836
H 2.135356426 -0.186462417 0.129876301
C 0.468561560 -0.536783993 1.598911643
