17

H -2.107457161 0.408965617 -0.523633063
C -0.342848480 0.870003819 0.731612980
H -1.054353356 1.660845757 -1.201746583
H 0.246652618 0.023321159 -2.289700985
H 0.303055972 -2.423094511 1.084042907
C 0.226830125 -1.369153261 0.865225911
H 1.446745038 1.470590115 -0.447460324
H 1.830680728 0.723977923 1.137554169
H 1.797867298 -1.190774918 -0.724960923
C -0.196462959 -0.368028730 -1.367619872
C -1.064632654 0.714862347 -0.650077820
C 0.917565525 -0.683189392 -0.320193261
C 1.137164235 0.727330506 0.296599776
H -1.242660284 -0.615660846 2.271280527
H -0.601797342 1.769771576 1.292488575
C -0.532873452 -0.456510782 1.473743796
H -0.763475835 -1.263256550 -1.627155423
