15

H 2.013306618 1.361788273 -0.334328800
H -2.451615572 -0.921779692 0.754510164
O 2.519193888 -0.598040938 -1.458946705
H -1.443357468 -2.403973103 -0.755561233
H 0.728192389 -2.276390791 -1.693471670
N 1.219969034 0.746036291 -0.249429002
C 0.230240554 1.292616129 0.580909312
C -1.460247278 -0.612708688 0.409723192
C -0.837253034 -1.538587093 -0.493590444
C 0.397244453 -1.480862617 -1.032403588
H -0.218715280 2.766403437 1.692679405
N 0.513428032 2.444752455 1.061825752
C 1.437006593 -0.448252618 -0.919009447
C -1.002042770 0.562616110 0.877865076
H -1.645350337 1.106382370 1.559228301
