19

H -1.233642817 -2.511491776 -1.059644818
C -0.532925785 -1.833048344 -1.541703701
C 0.512087226 0.612376571 1.078723073
O 1.063906908 2.528539658 -0.327753842
H -0.663286030 -1.251343727 1.223340750
C -0.541326344 1.314566851 1.942811370
H 1.295575023 0.110566892 -1.871296406
H -0.634956241 0.819577336 2.920565844
H -0.257312536 2.350355625 2.114690542
C 0.121802360 -0.793400943 0.590930581
H -0.918866813 -1.593888998 -2.537778378
H 0.437702179 -2.364482164 -1.665538549
C 0.709771454 1.385076165 -0.234964669
C 0.351577938 0.438357085 -1.392852306
H 0.991504073 -1.471965671 0.607209623
H -0.231004104 0.974492610 -2.157349586
H 1.464057922 0.599442244 1.621002555
N -0.409286797 -0.614364803 -0.764471114
H -1.525377870 1.300635457 1.454079151
