16

H 1.484601140 1.279624939 1.506263971
H 0.613526821 -0.993094802 -2.018795729
C -0.655004561 0.252935857 -0.450971723
H 0.424379677 -2.631502390 0.327277035
H 0.195574000 2.355762959 -0.818660200
C -0.006431256 -1.673869252 0.125633240
C 0.844758809 0.841437697 0.741939902
C 0.472274005 -0.672488928 -0.996916294
C -0.148574173 -0.370818704 0.888167143
H -1.010462999 2.200493574 0.509166718
C -0.245274395 1.681183457 -0.061295882
C -1.402573109 -1.189796805 0.686978757
N 1.603786707 0.145898506 -0.387568265
H -2.042697906 -1.744935751 1.341137409
O -1.975344658 -0.369976282 -0.348517150
H 1.847461820 0.889145672 -1.043838620
