15

O -0.344842881 -2.831672907 -0.436341614
N -0.942036569 1.097006440 0.642511487
H -2.033907175 0.820490777 -1.185540199
C -0.999250472 0.777878106 -0.850398540
H 2.441195488 1.760233521 0.831769407
H 0.554048181 1.234436154 2.124439001
C -0.519218862 -0.639447868 -0.547908604
C 0.458829314 0.922748685 1.097769618
N -0.437337160 -1.683582783 -1.226500511
C -0.405516773 -0.287552834 0.909124672
H -0.698147476 -0.913589120 1.739606977
O 1.919167042 0.741887391 -0.824554443
C 1.690892100 1.149675250 0.294741243
H -0.325279891 -3.536789179 -1.093848467
H -0.358595610 1.388278127 -1.474870443
