14

O -1.474221349 -0.484021127 0.064934194
C 0.293551862 1.018388271 0.696836591
H 1.280493736 1.005199552 1.151133657
O 1.091612935 1.193122745 -1.822012901
H -0.186827987 1.968946457 0.920645833
H 1.212845325 -0.974804461 -2.052813053
H -1.226411343 0.099469021 2.007417679
C 0.165854186 -1.369929433 1.520800591
C 0.678060174 -0.203180313 -1.569336891
N 0.749890029 -2.316167831 1.808489442
C -0.799823880 -0.219120458 -1.134281397
C -0.596613824 -0.163112253 1.153949976
C 0.279251724 0.723120928 -0.762066722
H -1.467661619 -0.277911097 -1.983696461
