21

H 0.172361195 -1.727291226 1.589333534
H 3.317090034 -0.455984324 -0.180718347
H 1.324529529 0.495504737 -1.704954982
C -2.189540386 -0.428271621 -1.386982203
C 0.229959249 -0.085572414 0.101782098
C -1.294194341 0.751613319 -1.444767952
H 2.657918453 -1.057787299 2.054408789
H 1.862719417 0.494801074 2.317313910
H -3.223148584 0.480974436 0.335404515
H -1.699604750 -1.385144591 -1.613235831
C 1.329623938 0.246576115 -0.662009120
H -0.990955710 1.708524227 0.568208218
C -2.329472303 -0.111730903 0.125222191
H -3.115712166 -0.366725832 -1.984426022
H -2.281110287 -0.952308357 0.820188999
C 0.658100486 -0.860100508 1.160928369
C 1.998703241 -0.313325465 1.590039134
H -0.947647870 1.357879162 -2.231524944
C -1.043999672 0.779501379 0.006567552
C 2.549306870 0.220411822 0.222380176
H 3.015074253 1.208456516 0.316842049
