16

C -1.695588827 -0.630249679 -1.417204976
C -0.957896411 -1.773435116 -1.270903230
H 2.332057476 2.878261089 2.431623459
C -0.061189234 -0.087247506 -0.128270075
H -3.360676289 0.367590666 -1.898833036
H -1.055380106 -2.766672134 -1.668401957
N 0.077461064 -1.413878560 -0.440789640
N -1.140754700 0.412550151 -0.711147964
C 2.587079287 1.809817076 2.329680920
H 2.581920385 1.382825255 3.334178209
H -3.392467499 -1.226134658 -2.391123295
H 3.612177610 1.769219875 1.957556725
N -2.825589180 -0.412564695 -2.220186472
C 1.647485256 1.126483917 1.452601433
C 0.847208619 0.576152325 0.713281870
H 0.804152727 -2.012718439 -0.072062328
