17

C 1.463712335 0.589626431 1.157102227
H -1.759667516 -1.895905137 -1.376467824
C -1.415188074 -0.890447438 -1.657658577
N 0.080391183 -0.861639202 -1.738091350
H 3.176130295 0.046139535 2.020610094
C -0.519873798 0.301860660 0.178133532
H 0.477070034 -1.770444632 -1.953184128
H -1.849448562 -0.640143394 -2.639694214
N 2.613901615 0.871977329 1.869421363
C -1.822427154 0.141799897 -0.546651959
H -2.147773743 1.087575197 -0.991265476
C 0.138569042 0.926877499 1.285350442
H -0.286782026 1.529445887 2.068076611
O 1.661156654 -0.172988594 0.025677180
H -2.646178246 -0.239556193 0.058576118
H 2.398445845 1.295596838 2.765369415
C 0.437961668 -0.319774866 -0.525303364
