16

H -1.813673258 -0.524291456 1.547192812
N -0.390835643 -1.832319856 0.251336277
H 0.144869074 2.122671843 -0.650113881
C -2.061322212 1.088179111 0.248418838
N 1.643383026 -0.629294574 -1.094801664
N -2.728646517 1.793587565 -0.363126606
C -1.196865559 0.235693812 1.054269433
H -0.705702424 0.828090250 1.826064825
C 0.482912749 -2.487099886 -0.471723169
N -0.212289467 -0.495153874 0.269501776
N 1.487841368 -1.944406033 -1.155728340
H 0.368082434 -3.555431366 -0.521347284
C 1.030324221 1.574928522 -0.311381906
C 0.819776416 0.091755413 -0.386592418
H 1.261343956 1.907935381 0.708394647
H 1.870802522 1.825155139 -0.950363159
