16

C 0.128784955 0.024421684 1.237732887
C -0.935420156 0.008506453 -1.345568538
C 0.377317995 -0.296999693 -1.147384882
N 0.686251402 -0.044205260 2.533391714
H 0.866697848 -0.345047832 -3.127437353
O -3.002374649 0.667459607 -0.406521171
N 1.205401301 -0.685225487 -2.242353439
H -1.367066860 0.003669503 -2.335483551
C -1.189559579 0.352043778 1.059208751
C -1.815779805 0.366989851 -0.243271828
H 0.151806146 0.457299292 3.226237297
C 0.928496778 -0.318814784 0.135952756
H 1.948163509 -0.625721812 0.299054444
H 2.170214176 -0.412190586 -2.124054670
H 1.656372309 0.212833673 2.578056812
H -1.809304595 0.634981513 1.902440548
