15

H -0.775115967 -1.041207790 -1.234678984
O -0.686392069 0.789250433 1.111713767
H 1.236307383 1.480919123 1.045266390
C 0.503434956 1.013264894 0.396803468
H -2.287752628 -0.358177722 0.500279784
C -0.358484358 -1.151036739 -0.241076455
H 1.392143607 0.658611178 -1.702980042
H -0.216498092 -2.221400023 -0.054532927
H 1.651351810 -0.825654685 0.531015635
C 0.957260311 -0.355362177 -0.166470319
C -1.255800366 -0.493657053 0.830763876
O 1.607175946 -0.215698466 -1.404591918
H -0.717389107 1.895545721 -0.680332303
O 0.226973474 1.892275095 -0.681756258
H -1.277215242 -1.067671537 1.750576854
