13

N 1.830343962 0.814156175 -2.227405071
H -1.934137344 0.236077622 0.607763708
C -1.200439334 0.171999276 1.405624270
H -1.471373200 0.661628902 2.334419727
O 1.712824106 0.937636495 -0.784352601
N 0.875910342 0.098249763 -2.603883505
C 0.084058702 -0.287743270 -1.559439301
C 0.242071077 0.159102172 0.997469127
H -0.583627701 -1.704941988 0.800582170
N -0.389723748 -1.033113360 1.549572349
C 0.629938662 0.235935673 -0.434342414
H 0.991007209 0.614197373 1.639329791
H -0.786852956 -0.903185010 -1.725338459
