17

H -0.230040655 -2.309414387 -0.064287663
H -1.281422138 1.642219663 1.506328583
N 0.057012372 0.719673753 -1.220338702
C 0.686203659 -0.619560719 -1.154343843
C -1.288357258 0.569534242 -0.591441870
N 1.982989311 -1.480658293 2.011894703
H 0.510338843 2.576850176 -0.243484005
H 1.772161841 -0.542814553 -1.187574744
H -2.217692375 0.713204801 -1.125712276
H -1.848727584 -0.797153294 1.078727722
C 1.173559666 -1.422902584 1.196905017
C -1.014018536 -0.393182427 0.521890342
C -0.763833046 1.107041597 0.724205196
H 0.363177031 -1.198192000 -2.021671534
C 0.497314721 1.517342925 -0.008450877
H 1.457542419 1.229174495 0.417540729
C 0.143791229 -1.311162710 0.159813330
