14

C -0.314839840 -0.622138023 0.859989762
H -1.965898037 2.084179640 1.606266022
C 0.872103274 -0.169534892 -1.369949460
H -1.635435343 -0.236181378 2.463897228
C 1.674960017 -1.470278144 -1.363270521
H -0.476697594 2.298645496 -0.666072369
H -0.032010380 -1.629544973 1.098441958
N -1.178901553 0.108208656 1.633433819
C -1.336245418 1.362529874 1.122740507
O 1.756794095 -2.252722740 -0.450167507
C 0.042859621 0.177008390 -0.210924655
H 2.199533701 -1.628800869 -2.336024523
O 0.981000423 0.529815912 -2.368368149
C -0.587223232 1.448813438 -0.019991806
