16

N 0.060051810 -1.192518353 0.014526175
H 1.162866712 2.380345345 1.510444880
C 0.367738932 0.967213511 0.290821999
H -0.744776666 -3.082742691 -0.189817980
H 0.891343892 -2.912320375 -0.869913936
H 0.661067426 -3.000361443 0.883174956
H -1.492315888 2.509413719 -0.800673246
N -1.074962258 -0.628853798 -0.470645040
H -2.526247025 1.274006724 -1.288076401
H 1.547944784 2.579451084 -0.052114069
C -0.887626886 0.670352221 -0.279995382
H 1.924399614 -0.561555624 0.865245759
C 0.236275315 -2.621580362 -0.055990469
N -1.881281972 1.599311590 -0.586296082
C 0.958840728 -0.275905639 0.465531886
N 0.796681404 2.295744658 0.563776731
