19

C -0.230166763 1.668691874 1.337444425
O 0.394557089 0.811927378 -1.910331488
H -1.549949527 -1.603287220 -0.627579749
H -0.300591141 -1.361030340 1.461004972
H 0.781460047 2.023975372 1.539510012
H 0.085053071 0.515277088 -2.780922413
O -1.785733223 1.022173762 -1.423923135
H 0.012441466 -1.740322471 -1.498695016
C 1.666313648 -1.146722436 0.593461812
H 1.874634266 -2.221926689 0.557125568
H -0.798328280 2.514934063 0.924076319
H 2.140829802 -0.741771340 1.489661336
H 2.127840757 -0.682350814 -0.278281689
C 0.161866710 -0.888789892 0.594973147
C -0.603219986 0.376925826 -1.002541542
C -0.221781403 0.543198645 0.408120990
H -2.523261309 0.676862657 -0.927252889
H -0.671694756 1.400277257 2.305926800
C -0.560271025 -1.168042541 -0.761777282
