14

N -1.211512089 0.451451093 0.215496033
H 2.611327648 -1.387715340 0.400208354
C -0.753781021 1.558954835 -1.940037489
H -0.732882380 1.005119562 -2.885491133
N -1.278923154 -1.430694222 3.236570597
N 1.723698497 -1.507518411 0.846600533
H -1.740496397 1.985006332 -1.788776875
H 1.749953866 -1.708299637 1.827770472
H -0.023659961 2.378515244 -2.026409149
C -0.968946218 -0.953211129 2.228840590
C -0.510290802 -0.409296483 1.017310262
C -0.398102999 0.664610744 -0.802749932
N 0.800137579 0.018550351 -0.739049494
C 0.733477354 -0.665472686 0.409717530
