14

H -1.931014657 -0.288750082 2.969074965
H 0.872473657 0.732237160 -2.842341900
N 0.817533255 -0.489910752 0.238693863
C 1.449996233 -0.330136329 -0.945405900
H -0.348809183 -0.822801769 2.392657042
O 2.680775881 -0.837424517 -1.185723782
H -1.258401275 1.206350565 -1.462719798
C -1.450820684 0.282326788 1.060636878
C 0.692487478 0.414473116 -1.834909558
N -0.451416880 0.701024532 -1.143392205
C -0.349232346 0.139468625 0.098499149
H 2.960475206 -1.278326988 -0.378256589
N -1.231360435 -0.345695436 2.242092133
O -2.452686787 0.917164922 0.791095912
