18

H -0.787306428 1.859223962 -1.759292126
H 0.883741081 1.441111922 -1.329268575
H -0.620246649 -0.558847368 -1.140775561
H -0.107873589 2.317181587 -0.187480450
C 1.686141253 -0.534541130 0.396155268
H -2.480319738 -0.602113485 0.508453429
O 2.508182049 0.317770481 0.144761249
C -2.091432571 0.350852579 0.121868722
C -0.647369087 0.212273732 -0.358537376
O 2.976613998 -2.541138172 0.798366666
C 2.049562216 -2.013748407 0.255900413
H -2.176957846 1.092823863 0.921644330
C 0.251832604 -0.272545576 0.800945818
H -0.164020836 -1.186843872 1.248163819
H -2.746750832 0.669474781 -0.690366328
H 0.276569933 0.481815368 1.594109416
H 1.323793769 -2.571533680 -0.378279358
C -0.134159774 1.538783908 -0.946369529
