16

H -1.900394082 -1.505897403 0.571331739
H 2.068680763 1.877278924 0.871094704
O -0.053778935 2.027502537 0.520871699
C -0.795656860 -0.118977696 -2.047000170
H 1.551931620 -1.357284307 -0.301266581
H 0.093013443 -2.406408310 -0.034111369
H 0.310046881 -0.624921679 2.232509375
C 0.488847256 -1.391638398 -0.019134475
N -1.074853063 0.045592584 -3.157980919
C 0.036610208 -0.503891706 1.185316563
C -1.399857759 -0.534646392 0.554058909
C 1.308496356 1.718988419 0.102641165
H 1.572371483 2.085811138 -0.892430842
C -0.436767399 -0.305289716 -0.669468105
C 0.286960423 0.704369068 0.275027841
H -2.055650711 0.289413303 0.808540344
