16

C -0.255038559 -1.447505474 0.593404233
H 1.067283869 0.049645409 -1.804036021
H -0.546747148 0.571134329 -1.324838996
C 0.492864430 0.524548113 -1.002839327
H -0.166956365 -0.101612508 2.375766993
H 1.640793324 -0.306258440 0.674786150
C -0.461678237 -0.153998032 1.332897663
O -1.281008363 -1.765195131 -0.296263605
H 0.195935607 -2.296468496 1.104515672
C 0.999443531 1.952886105 -0.888964593
H -0.951189756 -2.383191347 -0.950769126
H 0.776767671 2.594199181 -1.759145975
H -2.200967312 0.027035862 0.579811811
O -1.584483981 0.603216112 1.042589307
C 0.632212281 -0.250388324 0.283340275
O 1.642768979 2.381953239 0.039745398
