17

O 1.415778518 0.992841184 1.632461667
H -1.784296274 0.073389739 -1.746494532
H 0.734964252 -1.382421374 0.658447146
H -0.554085612 1.392140985 1.000477076
H 1.112288713 -0.905427754 -1.538817167
H 0.204511061 1.122385979 3.386689186
H -0.976758003 -1.085578561 0.406324953
H -1.232138515 -1.595915079 -2.000558615
H 0.076556295 1.660493016 -1.250902176
H -0.696574450 -0.296488702 -3.104522467
C -0.934204638 -0.543911934 -2.063203335
C 0.116431974 0.556469679 1.236509204
O 0.797070801 1.042623639 -1.378162026
C 0.297934175 -0.283803374 -1.180939078
H 0.840739965 -0.545063317 3.003794909
C 0.017598925 -0.635052741 0.310629308
C 0.564182818 0.433318347 2.628266096
