17

H -0.357825220 1.510130405 1.404322505
O 1.954726219 0.523466885 1.548242092
C 1.887371898 -0.310835004 0.669303894
H 0.755677164 -1.596806526 -0.615309477
H -1.701947927 0.343870580 1.404034615
C -1.097249269 1.003524899 0.768344641
H 0.290926158 -1.208156347 2.085853100
H -2.025722265 0.429882377 -1.807905793
N 0.050269973 0.973001063 -1.476850271
C 0.555058897 -0.890896022 0.201258838
O 0.019659346 -1.647197485 1.264911056
H -0.861482263 -0.925816774 -2.169181347
H 0.906139433 0.579744577 -1.871031046
H 2.805910826 -0.736443579 0.212109610
C -1.045817375 -0.000675506 -1.623656511
H -1.736172557 1.753943920 0.315941870
C -0.399523169 0.199262425 -0.310387135
