18

C -0.580676794 0.444937408 -0.629493594
C 0.485455066 0.527667582 0.442013383
H 1.278831601 -1.951071739 1.827051759
C -0.598482609 0.370810777 -2.106895447
C -0.465761989 1.675598979 0.221919581
H -0.652985990 -0.411709189 2.109262228
H -0.021385876 2.525443554 -0.286708176
H -0.308377981 -0.622623742 -2.461978912
H -1.611696362 0.578326643 -2.491904259
C 0.473762274 -1.959962249 1.096886635
H -0.226624295 -2.762451649 1.348012328
O 1.852814794 0.593210101 0.306632698
C -0.243943453 -0.623205185 1.113936067
O -1.306450486 -0.560447335 0.116608173
H 0.894149959 -2.152067900 0.108600728
H 0.084606647 1.110498190 -2.537061691
H 2.180359364 1.299464583 0.860684752
H -1.233593464 1.917581201 0.962433517
