18

C -0.773327231 1.864889026 1.483281851
C -0.196002975 -0.257234335 0.223681554
H -1.198567152 2.217376232 2.423754454
C -1.008693933 0.367698640 1.343929768
H -2.058247328 0.171552092 1.151042819
C 1.068977237 -1.843996167 -1.528368950
H 0.345177352 -0.264493316 -2.797885895
H 1.834630728 -2.564891815 0.338907450
H 1.879487276 0.023479681 -2.032782078
H -1.679894328 2.027675390 -0.211788967
H 0.299410492 2.058924913 1.508240581
C 1.054081917 -2.089039087 -0.233332694
H 1.415291905 -2.535584211 -2.261691093
N 0.187369213 0.334398597 -0.802507699
O -1.348066211 2.625941992 0.450936913
C 0.885967016 -0.422053158 -1.868265986
O 0.056777596 -1.564681053 0.545927286
H -0.764372110 -0.149963558 2.266920090
