19

H 1.630798936 -0.371342421 0.621898293
H -0.997667193 -0.349383324 2.672921181
H -0.193542868 2.612011909 0.934235334
C -1.806534052 1.288174629 0.100445785
C 0.866688907 -0.709716558 -0.093478337
O 0.588989317 1.626072288 -0.695950508
O -1.117859244 0.558357120 2.360888004
H -0.019523852 0.030082241 -1.904550910
H 1.182376981 -2.812398195 0.283492923
H -2.575463295 1.893892050 0.570559204
H -2.091912270 0.819677949 -0.830901444
H 1.719953656 0.337060004 -1.787243962
O -0.402606636 -0.729764879 0.575800061
C -0.372279137 1.738202691 0.302377731
C 0.787228525 0.311338603 -1.214493275
C -0.891529024 0.510652781 0.991829693
C 1.166204691 -2.119784117 -0.562587202
H 2.142713308 -2.172842979 -1.061248422
H 0.383962721 -2.460289955 -1.263993979
