16

H -1.831116676 2.414716959 -0.574448526
H 1.400407791 -0.463949353 -1.016589642
H -0.777766824 -0.740436614 -2.196451426
H -1.683427453 -0.541476846 -0.631989419
H 1.410769701 0.155986920 1.493670106
C 0.849694252 -1.901598454 1.323704123
O -0.445531338 2.451680422 0.914368629
H 0.258480012 1.503656387 -1.901908278
C -0.786097407 -0.320554614 -1.192499518
C -0.868703425 2.044347763 -0.149877518
H -0.321936131 -0.135818809 1.529767156
C 0.605355382 -0.429947495 1.034579992
H 0.126481980 -2.595427036 0.825006723
C -0.175746426 1.060499668 -1.016416192
C 0.511176586 -0.183044806 -0.460408211
O 1.727960229 -2.318634033 2.019491911
