14

H -0.374631524 -0.922528803 -1.963794351
O 1.376931190 0.041604619 -0.518199682
H 1.863482356 -0.310084969 1.877612352
H -1.735873580 -0.553638518 0.612989366
N 0.891987145 -0.522866488 1.774334192
H -1.006103039 1.872116685 0.404563576
C -0.935437918 -0.393164754 -0.100432806
O 1.127031684 1.979803920 -1.756857634
H 0.368029416 -0.149130598 2.560295582
C 0.392062277 -0.107965939 0.544578731
N -1.146380544 -1.101340175 -1.329180598
H -1.137413502 -2.100345373 -1.147637963
C 0.735297382 1.203512907 -0.945930898
C -0.418981224 1.064027548 -0.012339870
