17

C -1.586361885 -1.311619759 -1.052378774
H -1.337846279 1.435789466 -0.827326775
C 0.403959364 0.216790169 -0.271465749
C -0.884858847 0.940762401 0.025040042
H 2.357081413 0.957486570 2.380256414
H -2.635650396 -1.446046472 -0.810867071
C -0.871683657 -0.560272753 0.047193859
H 0.812573433 1.598770380 2.000586271
H -1.150211215 -2.304532051 -1.204884887
H -1.509554744 -0.785215378 -2.002183914
H -1.016726971 1.456228256 0.976447761
N 1.501426816 0.883295417 1.848484159
H -0.893477321 -1.027180314 1.026539564
O 0.855856299 0.175837204 -1.581412673
C 1.583595753 0.226971596 0.660539031
O 2.597595453 -0.342931777 0.294789374
H 1.774283051 -0.114133134 -1.509356499
