14

H 0.194602311 0.753560781 -2.533154249
C -0.976473212 -1.217149734 1.417955756
H 1.826951623 1.256271124 -2.040624380
O 0.411441147 1.166313887 -0.508234680
H 1.030071855 -0.704152465 1.919152260
C 0.670122027 -0.084116168 -0.080675930
O -2.004369020 -0.824913859 0.595741987
H -2.697256327 -1.480880737 0.690476477
C 0.208657905 -0.278306633 1.345711946
C 0.758871734 1.415874481 -1.872637749
H 0.493958980 2.451616049 -2.065793276
O -1.016987443 -2.197641134 2.099324226
H -0.087874584 0.687378824 1.776205420
O 1.188283443 -0.943854570 -0.743447185
