14

C -1.295751095 2.416129827 -0.011130256
H 1.235681176 -2.725252867 -0.927159190
H -1.795079112 0.453207880 -0.674346745
H -0.589168727 0.760494769 1.972365856
O 1.024741173 -0.381858051 -1.929805636
C 0.300485104 0.474665761 0.133036539
H -0.025642371 -2.324433088 0.296679527
H 1.660502553 -1.985577106 0.631944835
C 0.760305822 -0.628249466 -0.773528874
N -0.709878743 0.180305943 1.156919956
H 1.056081772 1.223422527 0.342173725
C -1.110682487 0.982514024 -0.019006185
C 0.910743892 -2.012344599 -0.164572373
N -1.422339320 3.566974878 -0.033571176
