20

H -1.493878603 -1.450846195 -1.946105361
C 0.498676509 -1.209884405 -1.163372397
C 0.537440956 2.143031597 1.443443179
C -1.513913631 -0.560209334 0.052017029
H 0.928372085 -1.348444462 1.042246342
H 2.403886080 -1.164708972 -0.014387203
H 1.478849292 1.580554008 1.565713048
H 0.677354395 2.864883423 0.630294502
C -0.975985706 -1.567371249 -0.990264058
H -1.018331885 1.412710190 -0.757660091
H -1.124665618 -2.608867645 -0.675498366
C 0.728721499 0.185156778 -0.606294632
C -0.611761928 0.687255621 -0.047637340
H 1.389209151 0.885764241 -1.097222567
H -2.570373774 -0.313229263 -0.109563008
H 0.996590197 -1.528303146 -2.071540833
C 1.332454324 -1.027633786 0.080324605
H 0.331624061 2.683187723 2.368319988
O -0.564156651 1.290020585 1.228086233
H -1.430111408 -0.953066170 1.069101572
