17

H 1.006917238 1.290998578 -1.725403190
H -0.932551622 0.190470964 1.557331920
H 1.235377669 2.794048786 0.061200898
H -1.285107374 -1.362981796 1.811340570
N 0.403959900 1.074000120 -0.935631931
N -1.221782207 -1.157307863 -0.680020928
H -0.366727173 2.996522188 -0.684117854
H -1.849795818 -1.903342366 -0.439506799
H 1.914401412 -0.135769501 -0.048025452
H -0.193166107 2.090147495 0.830166757
C 0.272821128 2.305684328 -0.138111293
N 1.229363918 -3.361312628 0.182838276
N -0.521875620 -0.734865725 1.587075591
C -0.085775837 -1.057885885 0.200309664
C 0.873772442 -0.022527365 -0.272612512
C 0.665837049 -2.345793486 0.211766362
H -1.145669222 -0.660085797 -1.518600464
