13

O 0.324416846 -2.547352552 -2.696943760
C -0.248218089 -0.015178404 -0.415495992
H 0.528058290 1.946414232 -1.177632928
H -0.944711208 -1.390888214 1.222474813
N 0.135324895 1.702283025 0.924916983
O -0.412435323 -0.757865846 -1.565464258
C 0.367903173 -1.865171432 -1.715039372
H 0.390167296 2.619527340 1.249344707
H -0.464537203 0.796566784 2.777578592
H 1.019416213 -2.036330223 -0.837233543
C -0.561278224 -0.421866417 0.901557624
C -0.335688472 0.671193421 1.714819670
C 0.201581866 1.298668504 -0.382882714
