16

H 1.931447148 2.140471697 0.253846288
O -0.988225281 -1.016569853 1.587631941
C -0.180398121 -1.503752589 0.509757578
C 0.433357030 0.680974960 -0.245603308
O -2.611004114 -1.141207337 -0.175382882
H 1.692653775 -0.544293582 1.069242954
H -1.573047996 1.425164461 -0.532682002
H 1.636632204 -1.095458984 -0.601029396
H -2.917241573 -1.785827518 0.458203971
C 1.034390450 -0.658227861 0.199225187
C -1.380710721 -0.688653708 0.238507167
C 1.302728891 1.844828010 -0.597347319
H 1.985673428 1.597734809 -1.416791916
H 0.709571779 2.708785295 -0.899566174
H -0.171882093 -2.590770245 0.397303790
C -0.903944612 0.626801789 -0.245315656
