17

C 1.406056046 0.394476473 -1.770993710
H 0.514679551 0.389303595 -2.425580263
C 0.083007231 0.338002175 0.282260269
H 2.655602694 0.857557952 -3.196389198
C -0.720157087 0.995111763 1.180119276
H 1.737084985 -0.662502229 -1.675807476
O -1.912405610 -2.337575912 1.592424989
H -2.260950089 0.233159721 2.434273243
O 2.449290991 1.184748650 -2.300943375
H 0.155515164 -1.859105468 -0.280468225
C -1.271945834 -1.193121076 1.228427768
C -0.268913567 -1.049863219 0.298345625
N 1.132144570 0.912204146 -0.455787927
H -2.489109516 -2.167846441 2.332991362
H -0.769382119 2.020379066 1.480510831
H 1.111129761 1.914907455 -0.472273201
N -1.551646829 0.030163085 1.748890400
