18

C -0.265594631 0.773466468 -0.908543169
C 0.547251523 0.113084733 1.418445110
H -2.241259813 -1.533281922 0.762777567
C -1.173789859 -0.467881918 -0.809505224
O 2.313908815 -1.349419117 -0.333231300
H 0.060396519 0.928270757 -1.944483876
H 0.290305942 0.984458506 2.040683031
H -2.198829651 0.236839265 0.954021990
O -0.494802564 -0.830481946 1.476647735
C -1.615224361 -0.647265315 0.640821934
H -0.639501452 -1.364681840 -1.138565540
H -2.056883812 -0.354170859 -1.453302026
C 0.962092638 0.622652471 0.020716650
H -0.832341194 1.653054953 -0.607772946
H 1.440580964 1.600546479 0.145355821
H 1.396504998 -0.387088895 1.896143913
C 2.007685423 -0.235649407 -0.647527397
H 2.499500036 0.257547706 -1.512682438
