16

H 0.819312871 -2.470569134 -0.533812582
O -0.512549579 -1.385445356 -1.857013106
C -0.956524730 1.359566569 1.470077634
H -1.047062635 0.800536633 2.400713205
H -0.807362199 0.990393579 -0.655534804
C 0.448155642 -0.447444290 0.351482004
O 1.662727475 0.280981004 0.357241035
C 0.745803237 -1.043102622 -2.100270510
C 0.484256655 -1.469833612 -0.774837494
H -0.076661192 2.007409334 1.546570539
H -1.695421576 -0.238017157 0.210644126
H 0.455697149 -0.974564552 1.302792311
O 1.468205929 -0.684906542 -2.952094793
H -1.831924677 1.995014787 1.365862846
H 1.661862493 0.857422769 -0.403510660
C -0.818514764 0.422557920 0.271690100
