16

N 0.685001016 0.014622998 1.134726048
N 0.040388517 0.198720798 -1.009173751
C -1.595385194 -0.719218254 0.689852357
O -1.722939610 -1.136524439 1.832644343
C 1.924010992 0.242020756 0.392030269
H 2.445096254 -0.706843197 0.203787521
C 1.383261323 0.841480970 -0.926864922
H 1.288061976 1.933958411 -0.849305511
C -0.337654799 -0.148450479 0.250533074
N -2.580642223 -0.817914903 -0.250710666
H -0.626345098 0.649747550 -1.602056861
H -2.605694056 -0.192022935 -1.031000018
H 1.980989814 0.594392657 -1.797820926
H -3.483020306 -1.117477417 0.105637744
H 0.608169794 -0.566456139 1.951961279
H 2.596701384 0.929963768 0.905759931
