14

C 0.141406357 -0.488674968 -0.510529935
C 0.640753567 -1.392792463 -1.387680054
H 1.605915904 -1.858757734 -1.522540092
H -0.865480483 0.676718354 1.785546184
C 0.852623284 0.152926505 0.627551198
O 1.982487321 -0.124723971 0.896042645
N -1.192652106 -0.239328086 -0.840814471
C -1.410322189 -0.997310519 -1.865983248
O -0.339105368 -1.720353961 -2.274136543
C 0.039178491 1.174582958 1.415907741
H -0.304411948 1.948449492 0.708286345
H 0.322367758 2.294086933 2.957981825
H -2.321324587 -1.117727757 -2.418937683
O 0.848564029 1.692904830 2.429305553
