14

C -0.221079782 -0.730637729 0.532035530
H 1.637328029 0.281590343 1.239164114
H -1.104539275 -1.184100866 0.974243462
C 1.021417022 -0.607044756 1.373831987
H 0.878601015 -2.646418810 0.461394668
N -0.564518929 0.346782416 -0.359032184
C 0.967972696 -1.594167471 0.241330788
H -1.678676963 3.118597031 -1.240109921
N -1.132104397 1.501079321 0.020978831
N -0.312949359 0.290493369 -1.674324155
H 0.965026557 -0.965108514 2.399634838
N -0.751761258 1.420845389 -2.173588753
H 1.537120461 -1.368447065 -0.661618531
C -1.241835594 2.136537313 -1.133940578
