16

H 1.732509136 -0.532567441 -1.747342587
H -2.072548151 -1.014257789 -0.696541429
C -1.218099952 -0.323868304 -0.707673490
H -1.850783348 1.805313945 1.533694148
O -1.436421990 -0.253132761 1.779908419
H -1.297573447 0.383300543 -1.524385333
H 0.212514237 -1.930030107 -0.171381563
H -0.956242621 -1.076935649 1.939916611
N 1.549533963 0.847217381 0.619335115
C -0.935946465 0.408948988 0.644553065
C 0.534945369 0.158953086 0.344422579
O -1.296853662 1.752183914 0.733561456
O 0.902144790 -1.018773079 -1.876983404
H 3.280466795 1.192215443 0.024143212
O 2.638629675 0.538835526 -0.233278483
C 0.213725120 -0.937403858 -0.661948383
