16

C 0.494215041 -0.625634968 0.924140573
N -0.710428178 -0.277692527 3.201994658
C -0.711284876 1.173672080 -1.360775352
C 0.475253820 0.230819076 -1.389047742
H 1.653749824 1.168670774 0.349815995
C -0.191926420 -0.424961299 2.189876318
H -0.114811890 -2.569106102 0.068940595
H 1.227374315 0.430281162 -2.141895056
H 1.459598660 -1.089807391 1.139897346
C -0.286836714 -1.505243659 -0.090587012
O 0.213586599 -1.159247756 -1.364250302
H -1.409783244 1.473260641 -2.106616020
H -1.350046277 -1.301509976 -0.016284000
H -0.971861959 2.256079674 0.572665036
C -0.495749801 1.548669815 -0.080193371
C 0.718950868 0.671749830 0.102318019
