14

C 0.560137451 0.340493262 -0.036234599
C 0.633940458 -1.788292646 0.916649282
C -1.016413689 1.473300934 -1.135871530
H 1.048542619 -2.381976128 0.101290494
H 0.637068689 -2.358021021 1.853829384
N -1.683746934 0.460112244 -0.631173968
O 1.975245118 0.023742946 -0.105517283
O 0.319506824 1.474677444 -0.948672652
C -0.717317343 -0.281225383 -0.043247867
H 1.643633604 -0.025091354 2.001213789
H -2.459569454 2.425868034 -1.816753149
O -1.483113766 2.508017302 -1.793646097
O -0.763410330 -1.455666900 0.605398893
C 1.305496573 -0.415938795 1.032735348
