16

H 2.549761534 1.003097653 -1.026966810
H -3.234342098 1.003943801 1.659511328
O 2.775969505 -1.067706823 -0.939208090
N 0.241909176 -1.125385284 -0.024979733
H -3.280503511 -0.697697878 1.758067250
C -1.564646602 0.097607017 0.942061424
H 1.760272026 0.108277105 -2.323380232
C -0.893161416 -1.096060634 0.660693228
C 0.732813120 0.055964701 -0.451386541
H -1.276859283 -2.057618380 1.018037200
H 3.488414049 -1.128937244 -1.576494932
H 0.445949376 2.196830988 -0.490313560
C 0.058322351 1.233726144 -0.159046993
C 2.012471676 0.067153864 -1.254302859
N -2.723409653 0.135191455 1.703452349
N -1.092960596 1.271613359 0.504256964
