17

H 0.114711523 3.005377769 0.381208539
C 0.837550759 0.908576548 0.146723047
C 1.187608004 1.292482376 -1.288631082
N -0.382632911 0.114030622 0.188714296
O 2.019708395 2.120301485 -1.568760514
H -1.961333513 -2.002413511 1.013903737
H -2.285411596 -1.603745818 -0.689881504
H 0.529043615 -1.797675252 0.564557731
H -1.433181643 -3.099356174 -0.256519139
H 0.593237758 0.748206079 -2.056130409
C 0.587804615 2.187851667 0.958347619
O 0.826338589 2.278579473 2.125962257
H -0.786530077 0.206036806 1.121119261
C -0.212432221 -1.319775939 -0.101310499
C -1.549011350 -2.046436548 -0.003045865
H 0.188839003 -1.404642344 -1.122629642
H 1.725691319 0.412603050 0.586372256
