18

H 1.235972643 0.282890171 3.680715561
O -2.191201687 0.291578919 0.023045126
H -0.774173260 0.949457705 -3.465136528
C -0.903232694 0.015120438 -0.345358700
C 1.256692171 -0.552410066 -0.294051945
H -2.195666313 0.624102294 0.924161255
H 2.101967812 -0.737798870 2.514522791
C -1.150854945 0.069038168 -2.930244446
H -2.223886967 0.215737298 -2.752576828
C 0.215722278 -0.228373110 0.536378503
H 1.959203243 1.003962278 2.216528416
C 1.428240538 0.126539275 2.609745264
N 0.175614163 -0.166889966 1.923397541
H 2.269279718 -0.892628431 -0.117331952
O 0.846797228 -0.491192043 -1.595447302
H -1.008133650 -0.803405106 -3.568238735
C -0.463236243 -0.117094778 -1.620986342
H -0.579103112 0.411365956 2.260878325
