20

N -0.864086866 1.032778502 1.022348404
H 3.037073851 -0.639854789 1.221489668
H 0.458611697 -2.001045704 0.014071832
H -2.316818476 -1.126262188 -1.180258036
H 2.287620068 0.939933121 1.171469927
N 0.868495464 -1.571018457 -0.797559679
C -0.925100684 0.224228501 -0.210637361
C 2.106969595 -0.124223635 1.001358390
H 2.494636536 -0.251410753 -1.142139316
H -2.284078121 2.004592419 -0.293808788
H -2.941796303 -0.356924593 0.295735389
H -0.537804961 2.370413303 -0.693512857
H -1.769106030 -1.671715140 0.403997272
H 0.083644539 1.281125307 1.263088226
H 1.350722671 -0.459162503 1.709833980
C 1.692339063 -0.411497295 -0.424152672
C -1.255309224 1.682948589 -0.238972455
C 0.302079618 -0.214786246 -0.950157344
C -2.055263042 -0.791334510 -0.172854006
H 0.267170936 0.083216384 -1.999341011
