16

N -2.219632387 0.949670315 2.733734846
H -1.199513912 -2.110871315 0.978534281
C -0.155285582 0.903970063 -0.230224624
C -0.900232971 0.002603026 0.730497003
O 1.836257577 0.205088064 -0.566231549
H 0.861892164 -2.212261915 -0.692145705
C -1.635677695 0.509176791 1.836512327
H -0.595226049 -1.917298675 -1.636799455
H -0.773778617 1.701536179 -0.640108645
C 1.279012561 1.297457457 0.204981506
C -0.772588611 -1.293977261 0.416108668
C 0.030857669 -1.510373116 -0.838376164
H 1.603738904 2.268560886 -0.167897090
H 1.506560683 1.212242365 1.274701238
C 0.561781049 -0.108054765 -1.165024042
H 0.571834862 0.102532014 -2.238262892
