20

H -0.753343105 -2.003080606 -0.017316297
H -1.823981524 0.117590353 0.453178287
C -0.770390809 0.228871405 -1.440631509
H 0.908771157 -1.013074994 -2.060207367
H -2.045080185 1.636662364 -0.381842315
H -0.502934098 1.006548166 -2.162084579
H -1.527885437 -0.397955865 -1.914547086
H 0.195730090 2.420606613 0.232230365
H 1.573921800 -1.352206111 1.716988921
O 1.491645217 0.289792269 -0.596886873
C -0.157569513 1.475424170 0.692088544
C 1.047689557 0.524095833 0.739026010
H -0.503619790 1.717491508 1.702444196
C 0.282522976 -1.655250192 -0.034576710
H 1.878577828 0.984279096 1.280588269
H -0.093645394 -0.859793425 2.018924952
C 0.492984921 -0.590354085 -1.136247039
C 0.694599152 -0.882177949 1.258667827
C -1.304557085 0.871453524 -0.144830436
H 0.916564167 -2.518921852 -0.204966724
