17

H -0.203107208 1.958468914 -2.074097872
C 0.453769982 -1.734159946 0.789299965
H 2.102113962 -2.393902540 -0.548090994
C -1.442383766 1.436984777 0.254709601
C -0.111241676 1.049578309 -0.365567714
C 1.369415283 -1.609580398 -0.389927953
C -1.285259485 0.021934453 -0.232346892
H 0.449429154 -2.648550987 1.371948957
C -0.453122586 -0.623184085 0.841259480
O 0.457170546 1.724454641 -1.422801137
H -1.881241560 -0.424236059 -1.007444978
N 1.685229778 -0.766271532 0.764290452
H 0.998984516 -1.142401338 -1.291381359
H -2.018985510 2.140777349 -0.351817459
C 0.667319179 0.375877589 0.771776795
H 0.875164807 1.059064269 1.604297757
H -1.663255095 1.575146914 1.285893321
