16

N 0.431210697 0.390335560 -0.152205944
C -0.793314338 0.984438837 -0.162553534
O -1.952291012 0.460735142 0.306130797
H -1.358345747 2.985025644 -0.858287454
H -2.048585176 -0.458702952 0.061126519
H 1.556284189 -1.323218107 -0.376712024
H -0.951695621 -1.552274346 1.413722396
N 0.720757306 2.406302929 -1.031083345
C -0.275183290 -1.902767539 0.622964025
H 2.361504555 1.082239509 -0.781038761
C 1.310938358 1.317352533 -0.679447711
H -0.837021530 -2.127594233 -0.291503191
C 0.855376482 -0.910951436 0.357222408
H 1.414884806 -0.747514486 1.295761943
H 0.168278337 -2.835865259 0.975675702
C -0.602797866 2.232457638 -0.699771821
