17

C 1.317814946 1.381137013 1.116364837
H 0.377557278 -1.868383408 -1.186453223
H -2.088490963 1.426554322 0.033550896
H 0.008229687 1.911961436 -1.296628714
C -1.690698862 0.637235463 -0.607366562
C 0.425701201 0.240654394 1.070468664
H 1.104904652 -1.819311380 1.711055756
C -0.396666378 0.002758406 -0.218130916
N 2.023887873 2.287681341 1.134272814
H -2.447238445 0.016487418 -1.058607817
C 0.000431921 -1.472750187 -0.242323324
H 2.078498602 -1.091521978 0.430675268
C 1.076997161 -1.173307180 0.837877214
H -0.213623792 0.234864816 1.948033929
H -0.791935503 -2.136616945 0.111719467
H -0.342072010 0.486292809 -2.384353399
C -0.443297416 0.936263502 -1.400155187
