18

H -2.091013670 0.032946039 0.594990432
H 1.051633120 2.817948580 -1.585573554
C 1.045800805 1.806273699 -1.210867763
C -1.032075644 -0.171285942 0.454042405
H 0.029480271 -4.309676170 1.186197877
H -1.525326490 -1.376928329 -1.399859667
O -0.543974519 2.275282383 0.663675785
H 0.013638523 0.818667352 2.066140413
C 0.757726192 1.814454913 0.267348111
C -0.595406830 -1.514662266 0.546537936
H 1.557121158 2.231100321 0.871342659
H 2.026122093 1.372022867 -1.399785519
C -0.178274602 0.945290923 0.996053696
O -0.117106564 -3.634023428 0.566958487
N -0.244435787 -2.465494871 1.299049497
H 0.310364455 1.239910841 -1.768989444
C -0.685728908 -1.044152260 -0.794089675
H 0.221456632 -0.837674439 -1.353172064
