19

O -1.157787681 -1.462318659 -1.212712646
H 0.760696769 -1.185922980 0.764158309
C -0.112790905 0.546419263 -0.225115359
C 2.320917368 1.131310105 -0.369136512
C -1.354493976 -1.042122126 1.226057529
H -3.061861992 -1.208866119 -0.267922342
C 3.264738798 1.523021221 0.253311396
H 4.101271152 1.868887901 0.800425768
H 0.405366272 0.131734326 1.876101375
H -1.295321822 -2.059055090 1.621923685
H 1.365411639 -0.343442380 -1.523688436
C -1.283690929 -0.043177411 -0.992188871
H -0.380209118 1.551223516 0.107218035
C 1.163304329 0.648969948 -1.103127718
C 0.032337207 -0.402405858 1.001222134
C -2.006658554 -1.003279209 -0.132221729
H -1.960749745 -0.458639234 1.931216598
H 0.958533108 1.303183198 -1.954999328
H -1.759011149 0.504479647 -1.800521851
