15

H 1.889705181 -1.504188657 -0.941656709
O -0.399324626 0.192721859 1.659877777
C -1.042244911 0.496852160 -0.590682328
H -1.828471422 -1.024006367 0.760643959
H -1.578697681 0.036541667 -1.425326228
C 0.418867260 0.099469118 -0.502582788
N 1.917883635 0.436377615 1.409586430
H 1.893666625 0.555648267 2.424255848
C 0.770079136 0.265481919 0.945213020
H -1.118309140 1.581486702 -0.694075406
O 1.338150144 0.486182213 -1.483879805
H -2.345227480 0.621013880 1.195174813
C -1.526431799 0.033754669 0.781506956
C 1.081277013 -0.914566576 -1.352597952
H 0.529077888 -1.362768531 -2.185457230
