19

N -0.200220719 2.653074741 -1.645986319
H -1.947512984 -2.140546560 2.038096428
H 1.409489274 0.730026603 -0.955040574
O -1.277267098 -2.111148357 1.360019445
H -0.519514263 -0.293675303 2.057306051
H 0.706717670 1.328013062 0.544554591
C -0.586877644 1.421828866 -1.168679714
C 0.490001142 0.724366307 -0.347376049
C 1.391551733 -1.469638467 0.477436543
H 2.114930391 -1.555436969 -0.341230690
H 0.761074960 2.926043987 -1.644515991
H 1.901099205 -0.979764581 1.314890504
H -0.814801276 3.100431919 -2.315993786
C -0.932246685 -0.755250931 1.146524191
O -1.698643923 0.980959356 -1.362863302
H -0.282062560 -1.199367762 -0.827276468
H 1.130298257 -2.479741812 0.801315367
C 0.144347548 -0.713908732 0.047427040
H -1.790362954 -0.166265920 0.821393013
