17

H 1.788858771 -1.333398581 0.914914489
C -1.175398231 -1.184446692 -0.912689209
H 2.058210373 0.877122581 1.086031914
C 1.268511295 -1.278504252 -0.025590613
H -1.780419946 -1.806354880 -0.229330540
C 1.254443765 1.021325588 0.365952492
H 1.315856695 2.037791967 -0.037413619
C -0.166354284 0.593717456 0.845744371
N 1.246708274 0.008339874 -0.749960899
H 1.434269190 -2.118269682 -0.692364991
C -1.166222215 1.617513061 0.374902397
H -0.810607970 -1.820762634 -1.718836904
H -1.829281092 -0.429884195 -1.334329963
C -0.030636081 -0.576237321 -0.156416684
H -1.036236167 1.928286910 -0.682414591
H -0.347196490 0.357527763 1.892757535
O -2.024506569 2.106233120 1.059044480
