18

H -1.071833611 0.508958697 -2.119727612
C -1.968307137 -2.018271446 -0.837271154
H -0.275616080 -1.759287119 1.332767606
C -0.990370274 -0.947005808 -0.486891776
H -2.463988304 -1.771327138 -1.766670585
C 1.191296220 2.081314325 -0.316118151
H 1.210247159 0.971219242 2.588465691
H 1.872717261 2.189859867 -1.168662786
C 1.599830627 0.706054270 1.593687057
H 2.492162228 0.088691033 1.745374203
C 0.572916865 0.096554540 0.704567373
N -0.226825386 -1.007024884 0.668346703
H -2.732792139 -2.137547731 -0.063845471
C 0.323812246 0.861704588 -0.386646301
H 0.622509539 3.024607658 -0.232328907
O 1.970424414 1.893778443 0.882421136
H -1.469709873 -2.990987062 -0.970554352
C -0.656472623 0.208708137 -1.166912913
