17

H 1.820233226 -1.066245675 -0.523873985
H -1.511544585 0.270879209 1.714000344
H 0.816443980 0.811601818 2.774078131
C -1.559002042 -2.665215492 -0.580368757
O 1.727527618 0.270800859 1.018977284
C -1.015010834 -1.619654655 -0.340044886
C -0.480816692 0.703550994 -1.291811585
H 0.629099786 1.996744275 1.479662418
C -0.354688793 -0.355423212 -0.091184102
C -0.573386967 0.259634286 1.214202523
C 1.222392321 -0.187358871 -0.222634479
H 1.658879280 1.603341103 -1.575387478
C 0.978562057 0.863047600 -1.210524917
H -1.123090625 1.556895614 -1.066841960
H -0.840649128 0.230428249 -2.210580349
H -2.037991762 -3.588348866 -0.782151580
C 0.643043160 0.915323019 1.694483519
