19

C 2.463929653 0.081291705 -0.343023449
H -2.672023773 0.768541455 -0.253020525
H -2.140520334 0.846489072 1.426282406
H 0.042271972 2.473901987 -0.119885303
H 0.113482744 -1.300248742 1.476389647
N -0.016791090 0.541540504 -1.315194130
H 1.795130253 1.518895507 -1.859778881
C -1.988463402 0.344729364 0.471869886
C -0.390787035 -1.179129958 0.519504607
H 2.675249577 -0.832260251 -0.894516706
C -0.539081454 0.274947941 0.053229872
H -2.414961338 -1.719391465 -0.202969491
H 2.178038597 -0.189238816 0.678256452
H -2.342064381 -1.607613087 1.548878312
H 0.070200562 -1.831291437 -0.206540063
H 3.394427299 0.651986241 -0.273519933
C 0.280332267 1.447842002 -0.289470732
C 1.427684784 0.919723868 -1.041385293
C -1.936055303 -1.210715890 0.624893248
