17

H 0.206118122 0.244453728 -2.817777157
C 0.348073781 -0.988666058 -1.192665577
N 1.833864212 0.106605791 0.496207178
C 0.509913027 -0.175388038 1.090600014
H -1.673551202 0.018043241 -1.485134840
C -0.700725913 0.050441548 -1.005814075
N -1.811473250 0.646574318 1.172836661
H 2.543499470 -0.123730421 1.197046876
H 0.203409895 -1.865379810 -1.805313706
N -1.034530163 1.842691898 0.774012387
H -2.663186789 0.769692719 0.691667736
H 0.419216841 -0.374037057 2.142314196
H 1.485189080 -2.085083961 0.414894223
C -0.611359835 0.539446115 0.407361031
N 0.487840533 0.327068150 -1.833859921
H -0.661163628 2.177941084 1.644133687
C 1.118865490 -1.110673666 0.109490760
