15

C -0.976035893 2.172343493 0.270404100
N -1.700101495 2.833936214 -0.333793670
C -0.971693099 -1.025585532 0.094155475
H -0.407876432 1.229574203 2.053902864
H 2.170730114 -0.739491165 -1.297431827
H -0.910155475 -2.022718906 0.528688908
H -0.336963296 -0.141159773 -1.925575018
C 0.100350209 -0.037627365 0.391907007
H 1.444228172 -2.293416262 -0.775203168
H 0.931891918 1.816851974 1.075861931
C -0.051861223 1.324192762 1.019888282
O 1.348374844 -0.686106265 0.632170439
C 1.360316992 -1.207599878 -0.726874292
H -1.979209065 -0.622216880 -0.002758942
C -0.021996204 -0.600975871 -1.005341887
