14

H -2.054694176 0.635555208 -0.898633897
H 1.513239264 1.167545080 1.608130574
H 0.912401736 -1.799904943 -1.455337405
O -0.114286900 0.067415670 -1.590926170
C -1.090571761 0.288048148 -0.529790819
C 1.413369656 -0.416631430 0.195539102
C 0.938223720 0.650657177 0.852426767
H -1.078819871 1.191390395 1.437462568
H -0.401996970 2.199697256 0.172812983
H 2.376497984 -0.851884425 0.392896116
O -1.556007743 -2.096842527 0.274738729
C 0.492526680 -1.013191700 -0.837196946
C -0.448326916 1.177313566 0.541398466
C -0.901554286 -1.199167490 -0.163519964
