14

C 1.172753453 -0.658905149 1.261241555
O -2.344188690 -0.969889760 0.679309666
C -0.246983275 -0.592825592 0.799065292
O 0.994006217 0.619040728 -1.771857500
H 1.832069159 -0.870103419 0.423086911
H -0.874671042 1.588774085 -1.865937591
H 1.279838681 -1.447668672 2.011652708
H 0.264189810 2.045718431 -0.579571426
H 0.691508651 -0.115799874 -2.310573578
C -0.133155823 1.191102505 -1.139038682
C -0.813617885 0.233456776 -0.225400373
N -1.203603148 -1.330698252 1.299655676
H 1.485849023 0.292603105 1.693153024
N -2.103995323 0.015195291 -0.274785936
