15

O 0.576211929 -2.817591667 1.148430824
C 1.240944743 -1.589839458 0.801657975
H 2.166903496 -1.754881501 0.239980817
C -1.016352057 1.540103674 -0.513843000
H 2.067559958 -2.501013517 2.641776800
H 0.030079773 1.696579218 -2.462115288
N -1.975478649 1.284102440 -1.621673107
C 0.444396645 -0.475829661 0.360291302
C -0.207419395 0.458861470 -0.028973740
C -0.785358727 2.110917330 -1.882897735
H -1.390195966 2.219716549 0.245508328
C 1.174342155 -2.068580151 2.197252989
H -1.820351005 0.325975150 -1.956515074
H -0.989106178 3.163599253 -2.041228771
H 0.483822912 -1.592119098 2.872347355
