18

H 1.020066619 3.040620089 -2.433418274
C 0.219342023 -1.713254333 0.636425138
N -1.403370738 0.182032645 -0.136316851
H -0.449210733 2.176875353 -2.668849945
C -0.320495337 -2.388212442 1.887049198
N 0.468177557 2.222223043 -2.257997274
C -0.174494684 0.359877944 -0.873385608
H 1.314458847 -1.768480301 0.681758225
H -0.147491992 -0.313815266 -1.740440249
H -0.475275010 -1.716660857 2.742619991
H 0.030992979 1.447516441 1.436855435
C -0.143269867 -0.246680796 0.522997558
O 1.699711442 1.741547346 -0.430036247
H -0.104555927 -2.298420191 -0.224416524
N 0.129235461 0.474153280 1.632218122
O -0.544553220 -3.565852165 1.947517276
H -1.859174609 0.858195722 0.399275810
C 0.739906788 1.508334756 -1.121855855
