15

C -2.231491804 -0.888446569 0.945861578
C 0.083460651 1.270128012 -0.007917101
C 1.366283298 -0.435400605 0.409307808
H 0.212900996 -1.760181189 -1.162234306
H 2.035989285 -1.088813305 0.966606915
C 0.571412385 0.641307235 -1.315768003
H -2.153982401 -1.665107012 0.170110613
O -1.006112218 -0.627251744 1.481339931
C 0.417859524 -0.787169278 -0.731133759
O -3.216112375 -0.346733749 1.308076501
C 1.559842587 0.969986081 -0.221241921
H -0.433866560 2.201934338 0.148423940
H 2.404406309 1.642976284 -0.234876350
H 0.486669868 1.041315794 -2.308051586
C -0.097259291 -0.168544039 0.551495552
