20

H 0.301627100 0.559416115 -2.683527946
H 3.003988266 -0.248324648 0.268171251
C -0.215909362 0.292897075 1.439823508
C 0.474989414 -0.626187325 -0.801027834
H 1.006829262 -1.400909662 1.110594034
C -0.965610862 -0.562800646 -1.219411254
H 2.164751291 1.299034595 0.289787650
H 0.092683330 0.735748947 2.382320642
C -1.489657640 0.346499085 1.072712064
H -1.284536481 -1.262006402 -1.983138204
H -2.584970713 -1.180137157 0.071151294
H -0.126406550 1.501281023 -1.173159242
H 1.099480271 -1.354637980 -1.306816697
C 0.862578094 -0.411453992 0.662432730
H -2.799661636 0.419536948 -0.612569213
H -2.214213610 0.849144876 1.733371377
C 2.213133335 0.319370657 0.766058147
H 2.507351160 0.454981446 1.817564726
C -2.038105726 -0.254273325 -0.184951127
C -0.008339478 0.522820532 -1.649386525
