20

C -0.817958295 0.677201569 0.643098533
C 0.236461908 -0.916899800 -0.776308060
H 0.886629403 2.130161524 -1.188440204
H -1.204781055 -0.738798976 -2.469981670
H 0.694499314 -2.280920982 0.919904053
C -1.160751224 -0.701200247 -1.377786994
H -2.045101166 -1.083023190 -0.887871683
H -0.114008710 1.252085328 2.711110115
H 1.033006907 -1.185600758 -1.476466894
H -0.733551145 2.320722342 -1.858353496
H 0.409965128 1.213876367 -2.629410744
C 0.448827744 -1.230062127 0.720119417
H 1.726719856 -0.650793731 2.445874214
H -1.622832298 -1.060416222 1.902927995
H 2.117437601 0.338549316 1.015413284
C -0.821015000 -0.570774257 1.356265903
C 0.019486828 0.616860747 1.841477990
C -0.421853721 0.467907280 -0.765698016
C 0.057191577 1.596146822 -1.666065216
C 1.311626554 -0.195020705 1.540190816
