13

H 0.710378468 0.008606383 -1.269423723
H -1.581234574 0.793004870 0.609892786
H 0.818809032 1.190418720 0.024955731
C 0.628195643 -0.853888154 0.728776872
H -2.307346344 1.732149959 -1.399760604
O -1.360698342 1.548728704 -1.327857852
N 3.201551437 -1.292636395 0.968301356
H -1.696704388 -0.411702037 -0.685640574
C 2.063738108 -1.105058551 0.861868024
C 0.324243039 0.264866561 -0.279941320
H 0.140375540 -1.788417220 0.426971555
H 0.233809978 -0.610162258 1.722803235
C -1.175117731 0.524089277 -0.380945683
