14

N 0.908200383 0.466359973 0.173234776
C -1.288287520 0.567151129 1.403396010
H -1.609904289 -1.254896998 -1.062936306
H 3.376487732 0.531140506 -0.810391903
C 1.341917753 -0.154402658 -0.893558621
C 2.729916573 -0.135768145 -1.414842129
H -3.123865366 0.300701708 1.983318567
O 3.123818159 -0.768280566 -2.355035305
H -1.327963114 1.677890420 1.379631162
C -0.723002553 -0.722704768 -0.758996308
O 0.390326798 -0.879876494 -1.530151725
C -0.421148181 0.104926445 0.278042257
O -2.565310955 -0.013313494 1.257889986
H -0.811185241 0.281072825 2.350399733
