19

H 1.206964493 -3.033485651 1.496772051
C -0.329403907 -0.569453418 -0.463984072
H -1.315909028 -1.027655005 -0.470690101
C 0.717755497 -1.621166468 -0.080657117
C -0.375818789 1.667964101 -0.158444896
H 0.323448807 2.974115610 1.379870534
H -0.586024880 3.772978783 0.073676348
H -0.531140327 -2.832435131 1.233998656
H -0.724581897 -0.068558998 -2.581547737
H 0.970654011 0.054789294 -2.144455194
H 0.747340262 -2.357569218 -0.882661402
C -0.528787732 2.888367891 0.698955953
H -1.426711917 2.815665245 1.310814857
N -0.228255004 1.629237652 -1.416793108
C -0.052110080 0.224614903 -1.776678681
C 0.429980338 -2.305965185 1.255336523
H 1.698637962 -1.134180546 -0.058549315
O -0.381027043 0.491012067 0.516721904
H 0.384989351 -1.568275928 2.068314552
