15

N 2.737599850 1.799615026 -0.979258657
H 1.080493450 -1.705127478 0.004284516
C 1.827832818 1.209315062 -0.564146459
H 0.624855697 -1.157766342 -1.634841681
O -1.525165677 0.039393425 -1.107819080
C -0.842092156 0.951386631 -0.267290026
C 0.692987740 0.461837441 -0.084867641
C -1.022157788 -0.998122215 -0.193264246
C 0.466018349 -1.008299947 -0.570870459
H 0.936491072 -0.300148427 1.863533497
H -1.596748829 -1.911580086 -0.181947365
H -1.051725507 2.011651278 -0.378183872
C -0.973546445 0.076551110 0.993493736
H -1.775312304 0.120196685 1.722193003
N 0.420469582 0.411097407 1.378984809
