15

C 1.294562578 -0.409950018 0.169433072
C 0.157151997 1.042522907 -1.682358861
H 1.455106616 -1.470427752 2.144497156
N -0.820062280 0.219730765 0.498966545
H 1.166862011 1.177195191 -2.102196455
C 0.245402619 0.293870866 -0.381161779
H -1.741597533 0.603025258 0.367741019
C 0.870091677 -0.896957338 1.439138412
C -0.655044913 0.348228782 -2.689672470
C -0.428832024 -0.479405373 1.605122685
H -0.258857071 2.042849064 -1.551795006
N -1.304331303 -0.194026366 -3.478075504
H 2.258183002 -0.556282282 -0.291990638
O -1.333420157 -0.625177383 2.615150452
H -0.905215085 -1.095196128 3.337201595
