15

N 1.583107233 -2.739727020 1.174476385
C -0.735211849 0.158421621 0.676203966
C 1.182507634 -1.700536847 0.860359192
H 0.850080967 1.684571147 1.198052406
H -1.575383306 -0.293702960 1.197618604
N -2.494023323 -0.554834604 -2.295424938
C -1.726756811 0.004563799 -1.625185728
C -0.757262290 0.670881271 -0.765033424
C 0.705613792 0.112685904 -0.981681347
C 0.446480334 0.697956145 1.418125391
H 0.493267983 0.429841161 2.477286100
C 0.689388752 -0.434250981 0.456825644
H 0.734490037 -0.664565444 -1.738458872
H 1.467591286 0.870532155 -1.187562346
H -0.863890588 1.758164644 -0.865600824
