18

H 2.316934347 0.208408296 1.012275934
C -1.651819229 1.214919686 -0.797084928
C 2.075498819 -0.820439577 0.724443257
O -1.048133492 0.795490026 -2.050680399
H 1.070213795 0.388329595 -1.803172112
H 2.451851845 -0.989589095 -0.283835590
H 0.366844445 -2.117952108 0.503399432
C 0.128812075 0.538614690 -1.288290977
C -0.247461528 1.380414724 -0.104391620
C 0.566997051 -1.086696386 0.829362929
C -1.826549053 -0.111381754 -0.026588447
H 0.234885126 2.185594082 0.446443707
H -2.256580591 0.043540530 0.973457575
H -2.437857628 1.957734346 -0.920540631
H 0.257989824 -1.046317458 1.888068676
H -2.343675375 -0.923093379 -0.552524865
H 2.629985809 -1.478143930 1.405661821
C -0.287936479 -0.139432535 0.043996271
