16

H 0.328064322 -0.311994195 -2.523569345
H 0.326963365 1.961054087 0.446183592
C -0.643027484 1.748359561 -0.017713627
H 1.140469432 -2.431053877 2.659936905
C 0.914276361 -0.733895779 -0.508238316
C 0.543956220 0.220018566 -1.580643415
H -2.072180033 -0.222818121 -0.257026345
O 1.230773330 -1.995587826 1.807001710
H 1.756761551 -1.402237058 -0.566533804
H 1.342873931 0.939321637 -1.820473671
N 0.029166697 -1.301544785 1.688831687
H -1.781498075 0.335647672 1.141844869
N -0.654468358 0.957904100 -1.177874684
C 0.029712506 -0.675135612 0.542089462
C -1.161905408 0.321695477 0.155476645
H -1.329938650 2.590266466 0.010708398
