14

C -0.063934937 0.100435689 -1.261152387
H -2.038501501 -1.377321482 0.723739266
C 1.611012936 0.079663448 -0.060852651
H 1.782177806 -0.409989923 0.908873081
H -0.313177675 -1.505387068 1.045584202
H -0.396581471 0.242125750 -2.275032997
C 0.425871879 1.048109651 -0.181846648
C -0.890808702 0.281397939 -0.016625602
H 0.499651015 2.122728109 -0.190439299
C -1.143579960 -0.809727669 0.999889910
H -1.732444286 0.947700202 -0.202480912
H -1.304681778 -0.389633983 1.996900082
H 2.548652887 0.493990272 -0.444919199
O 1.016343117 -0.824090779 -1.041636825
