18

C 0.270697385 0.547375739 0.594247639
H 1.180171013 0.575254738 -1.560509920
C 0.150810182 -1.387851119 -1.128432631
H -0.323203176 -2.320321321 -2.750423431
H 0.392299980 2.172381878 2.001765966
C 0.553402483 0.031724960 -0.851619303
H 1.955364943 1.699286342 1.306509018
C -1.185704947 0.149320543 0.462069035
H -0.070233516 -1.575224280 1.453639269
C 0.882948101 1.831593513 1.089479923
O 0.419857502 -1.773970485 -2.449683666
H 0.793067873 2.622710705 0.330172330
C -0.928646445 -0.321696550 -0.992386699
H -2.050137997 0.738836765 0.729095995
H 0.309580177 -2.180629969 -0.412914604
H -1.570213318 -0.118464574 -1.832089424
C -0.308245450 -0.520391047 1.493481398
H -0.471814781 -0.169935882 2.517598867
