14

O -0.026417639 -0.446424842 -0.049172442
H -0.516835988 -1.659343481 -2.903671265
N 0.390451282 1.313134551 1.477404833
H -0.174639478 -2.437086105 -1.479855299
O -0.599774241 1.609148741 -0.572759390
H 0.436787575 0.333114266 3.314986229
H 1.999283314 0.843654752 2.693575144
C 1.038196802 0.407663435 2.403795004
C -0.039206542 0.862389803 0.384664416
N -0.727255285 -1.701425076 -1.919675469
H 1.204563022 -0.602214873 2.030152082
H -1.435662270 1.199314833 -2.468680382
C -0.603179038 -0.482276469 -1.290414453
C -0.946310818 0.760350347 -1.620349288
