17

C -0.099058479 -0.526623309 -0.068164498
H 0.371003479 0.349821776 2.019585133
C 0.782340169 -1.616500974 -0.616865695
C 0.280393928 0.528389633 0.958102465
H 1.537808895 1.465680122 -0.667934120
H -0.955014825 2.559707880 0.561442852
C 1.007455707 1.619940281 0.261145860
H -1.324455738 -2.342616558 -0.438468903
H 1.438082337 2.408208132 0.874656081
C -0.488711834 -1.957062364 0.125544965
H -1.135232210 0.555561006 -1.845585108
H -0.409063578 -2.387906551 1.125912428
O -1.983652115 0.810564101 0.071763732
H 1.734767795 -1.786883235 -0.131784365
H 0.792453825 -1.758939147 -1.691103339
C -0.964272320 0.496719211 -0.768141806
C -0.584844768 1.581939936 0.229894608
