22

H 1.648028970 1.133635879 0.661028504
H 0.240455866 1.466712117 1.639124990
H -1.054712296 1.166576028 -0.520781517
C 1.610918522 0.039941903 2.520370722
H 0.735672772 -1.188001394 0.217476293
H 2.348274231 -0.709784985 2.200727224
H -1.078010321 -1.654727578 -1.677472115
C -1.562270045 -0.706738949 -1.394140840
H -2.321126223 -0.945602894 -0.638476372
H -2.800207615 -0.653888404 -2.893654585
C 0.079560973 -0.351955354 0.493437201
H 2.137194872 0.786471844 3.101609707
O -0.936135054 -0.961160243 1.310899734
C -0.519902110 0.234527528 -0.792900860
H 1.140659094 -0.313170999 -2.097237349
O -2.143575907 -0.067215800 -2.515056610
C 0.909266949 0.651829183 1.306251407
C 0.551047921 0.573664546 -1.831866503
H -1.222291589 -0.323854476 1.962372780
H 0.091723755 0.951430440 -2.749103069
H 1.248884439 1.339534760 -1.475137949
H 0.896543086 -0.468223482 3.172528505
