14

N -0.371756464 -1.675491214 -1.914166808
N -0.818393707 1.600844979 1.469115615
H -1.804814458 1.646847725 1.312589884
H 3.046308517 -0.186046451 0.439792663
C 0.188124418 -0.936125994 -1.011304736
C 1.976356149 -0.148847491 0.234167039
N 1.548815250 -0.951643288 -0.696460307
H 0.343994141 -2.240294695 -2.385832787
H -2.340539932 -0.755026162 -0.659780443
H -0.391115606 2.108210564 2.221473932
C -0.627659261 -0.030223532 -0.242308721
N 1.273790359 0.720918596 0.986832857
C -0.053268727 0.747506559 0.731378078
O -1.969840765 0.099370033 -0.485495985
