17

H 2.457011700 0.741160035 0.655749619
C 1.405479908 1.013351560 0.718554795
C 0.743910611 1.609495997 -0.527417839
N -2.753592253 0.425688237 1.961188436
H -1.259378076 -0.148263678 -1.859458089
H 1.356103659 1.722311735 -1.420069337
C -1.058279395 -0.933982074 -1.120221972
C -1.939098358 0.007915417 1.250332594
C -0.902199686 -0.461073190 0.361286402
H 1.220239997 -1.650251746 -1.259200096
N -0.133168221 -1.756909251 0.602745354
H -1.657032132 -1.842444539 -1.250798583
H 0.567137957 -1.610484600 1.351790667
C 0.421809763 -1.163298607 -0.695284128
H 0.010314603 2.398771524 -0.392365068
H 1.110217094 1.417630076 1.689151525
C 0.410522908 0.230382606 -0.065984644
