15

H 2.894387245 -2.717253447 0.071533114
O -0.066985801 0.036946937 -1.812671065
H -1.369981289 1.536501765 1.644774437
C -1.113622427 1.180734634 0.639978409
C -1.094199777 -0.347234905 0.409213215
H -1.746079326 1.704557538 -0.086825855
H -1.941060066 -0.789992452 -0.141057014
C 2.130537033 -1.989587069 -0.070238784
C 1.266652226 -1.162446499 -0.234075770
H -0.403626055 -0.780211091 -2.174785137
H 1.052781105 1.181212187 1.091652513
H -0.922335505 -0.914232373 1.324007511
H 0.714559078 2.010016441 -0.462887079
C 0.385146171 1.225099564 0.234522060
C 0.213827699 -0.174111456 -0.433140904
