13

C -0.941903055 -0.699247718 0.559656382
C 2.170884848 1.137490749 0.635370612
H -1.589887738 1.040548444 -0.716694534
O 0.079262204 0.094376914 1.174102902
C -0.453173459 -0.887359500 -0.877308786
H -2.645971298 -0.458769917 -0.822406530
H 2.104260683 1.415573955 1.714146852
C -1.676394701 -0.033889264 -0.575107694
O 3.075368166 1.462102771 -0.076299839
N 0.808281541 -0.180345654 -0.973022223
H -0.542586923 -1.796003461 -1.453416586
C 0.998362899 0.326325178 0.190555707
H -1.386503339 -1.420802236 1.220423818
