18

H 1.896924138 -0.227488399 -1.148748875
H -0.315133095 1.696591973 -1.301520586
C -0.715374529 -1.384406924 -0.138427511
C 1.887982488 1.824434280 -1.208016396
H 2.670389652 1.865171075 -0.463196546
C -2.076288462 -1.609378695 1.591006041
N -1.627135515 -2.228854418 0.456649125
C -0.608093619 -0.311198682 0.712459028
C 0.304107219 0.863862932 0.623557270
N 1.439271212 0.512998521 -1.694133997
H -0.269515604 -1.613788128 -1.089272499
H 1.942330003 2.599846840 -1.957770586
C 0.562802613 1.292173624 -0.804104149
H -1.920356035 -3.132485151 0.131986812
H -0.129558280 1.700108409 1.178676367
H -2.825153828 -2.042627573 2.221704721
N -1.489192963 -0.453210175 1.776060581
H 1.271994591 0.648250937 1.113091707
