14

C 0.907667577 0.692106128 -0.257233292
C 0.571978331 -0.328203171 0.871109307
O 1.048228741 -1.396112919 -0.034690388
N 0.408887923 2.039868355 -0.217673138
H -0.602860928 2.099467278 -0.133803576
C -0.866249800 -0.509132564 0.285524219
N -2.150152922 -2.691623926 0.901806176
C 0.177059665 -0.549855947 -0.873801589
H -1.551223636 0.343688369 0.338320762
C -1.557788730 -1.735480189 0.629797876
H 0.033080637 -0.850747943 -1.904938221
H 0.891285837 -0.370991617 1.908197165
H 0.718065441 2.563202620 -1.018877625
H 1.972021699 0.693815649 -0.493737727
