18

C -0.022961088 -1.949251533 -0.127088577
H 0.343510777 2.319476843 0.121019043
H -0.585569978 0.777222097 -1.603404403
C -0.628280580 1.857947588 0.271585047
H 0.979931056 -1.430143476 1.801749587
H -2.695282459 0.594051898 -0.580906987
H -1.409531713 2.568042755 -0.061725590
O -2.021773338 -0.044979256 -0.344288319
H 0.768967032 -2.633205891 -0.431235999
C -0.749567986 0.550593972 -0.525932014
H 3.766374350 0.541936994 -1.011385679
C 0.318584204 -0.472063690 -0.106435798
C 2.785829544 0.249342203 -0.746445358
C 1.663237214 -0.089588687 -0.448907465
C 0.104893707 -1.247594476 1.182137609
H -1.026295304 -2.206670523 -0.455831707
H -0.808045924 -1.043983459 1.729552746
H -0.784019828 1.658866644 1.337544084
