14

H 1.828960657 0.593446553 -1.408698320
C -1.137338042 0.016632391 1.019580722
N 1.213288307 -0.327343225 0.384864986
H 0.735984087 -0.753375947 -1.676580667
H -0.291372687 -1.873647451 0.499212384
N -1.167354345 0.889692843 -0.069316082
C 0.054548569 -0.947613180 1.013483047
H 2.032371998 -0.900124013 0.457003057
H 0.273630202 -1.212299228 2.046489716
H -1.941667557 1.521906257 -0.100704461
C 0.966166854 0.080474772 -0.992146015
O -1.987396598 0.027037960 1.866138935
C -0.216679394 1.038010120 -1.079212308
O -0.363141865 1.847202539 -1.960114956
