15

H 0.687352180 2.372161865 -2.978698730
C -1.325647831 0.200170100 0.509298682
H 0.676371098 -0.692604423 2.362261295
H 1.600763321 -1.396568537 -0.647043049
H -1.972997308 1.009329200 0.191398233
H 0.260573328 1.592831731 1.308173776
C 0.526221633 -1.415599585 -0.460551471
H 0.040966474 -1.870800138 -1.321741581
H -1.836154819 -0.694674909 0.838656902
C 0.492333949 1.687103152 -2.193570614
O 0.276463300 -0.200876236 2.332942247
C 0.003503255 -0.008194943 -0.231494635
H 0.343271554 -2.055367231 0.413055688
C -0.047251910 0.553892910 1.180450201
C 0.274231881 0.919197083 -1.303136468
