19

H -0.465524226 1.595651269 0.162290007
C -1.244930625 2.558768749 -2.152874470
C -0.422044545 0.907035053 -0.695257723
N 1.647577763 -1.080731988 0.321387172
C 1.366343975 -2.069333792 2.319511414
H -2.000070095 2.710190773 -2.918314457
H -1.685183048 -0.542109489 0.303636819
C 0.363111526 -1.072717428 0.617963910
H 1.461095572 -2.570674181 3.270409822
H -0.727061093 -1.730836630 2.299152136
C 2.276636124 -1.727850556 1.359286785
H -1.401373386 3.300442457 -1.355344057
O -1.387213826 1.247152090 -1.668272734
H 0.593137383 0.958505630 -1.108675838
N 0.156127840 -1.637941003 1.836123228
H 3.337972879 -1.917839050 1.363635659
H -0.257255554 2.743346453 -2.595407486
H -0.877072155 -1.146755219 -1.125077128
C -0.734274566 -0.524303794 -0.234173402
