13

H -0.776798725 -0.099278301 2.319869041
H -1.783664584 -1.085061908 1.254907370
C -0.826192796 0.695691884 -0.515729368
H -1.855975032 0.888986826 -0.259964079
C -0.416425377 1.414173603 -1.649224877
C -0.089644551 -0.166216582 0.258084983
H 1.710903406 0.563613653 -1.680000424
N 2.039176464 -0.092092335 -0.994377792
C -0.741938412 -0.790377915 1.469285369
N -0.129173577 2.041562796 -2.573727131
H 1.772656083 -1.212514162 0.629195571
H -0.200445578 -1.667547941 1.796659470
C 1.297522664 -0.490940005 -0.054977886
