18

H -0.719826996 -1.725878000 2.244402647
N 0.437115490 0.140138179 2.040198088
H -1.049908757 1.582299232 0.186172053
H 0.849775255 -0.113873556 2.930662632
C -0.634537518 -0.402052224 -1.860494852
H -1.346149564 -0.506416500 1.038579226
H 1.552854180 -1.603090167 1.290611386
H -0.923401177 0.130701989 -2.773086071
C -0.288109481 1.709800601 -0.577819586
C 0.868089259 -0.817444146 0.991857052
H 0.506794155 2.325296164 -0.159962907
H -1.539939165 -0.678441048 -1.318601012
H 2.178497791 -0.300983787 -0.684764147
H -0.717502654 2.248561382 -1.433729887
C 1.175922394 -0.209553495 -0.305374175
N 0.257348448 0.428271174 -1.044792414
C -0.494322181 -0.886207581 1.592687011
H -0.112699315 -1.321128249 -2.156545162
