16

H -0.085759178 -2.663858175 0.506106615
C 1.546686888 1.397437096 -2.020052671
H -2.035679102 -0.585904479 -0.460117728
N 2.569670439 1.562381983 -2.543084860
H 0.191868007 1.931200981 -0.524720371
H -0.529936612 1.396063209 -2.049471378
C -0.499536604 0.140730411 1.283006668
H 1.793520212 -0.323436975 0.727781713
C 0.272736192 1.187707424 -1.337751865
C 0.734972596 -0.419796228 0.494275421
N 0.177815199 -0.196946353 -0.872649252
C -0.229922220 -1.613752842 0.751570284
C -1.020131230 -0.534156561 -0.047129497
H -1.592561603 -1.309410810 2.303582430
N -0.608927846 -1.099223018 2.105823517
H -0.684815347 1.130963922 1.682830930
