19

C -1.051601529 -1.709174037 -0.927580893
C -0.177034959 0.136319607 0.611229956
H 1.135583282 2.626546383 0.534959197
H -0.044524193 2.476556063 -0.777060449
N 0.850459576 0.667421401 -0.198425531
O 2.731131554 0.293929905 -1.459770799
H -1.869822025 -2.440325260 -0.871264935
H 0.239049315 -1.971890330 0.795336187
H -1.387704849 -1.474779010 1.205156803
N -0.741146624 0.988643527 1.375185728
H 1.708540678 2.318499804 -1.130591154
C 0.917723954 2.120551586 -0.394943148
H -0.253501624 -2.148361921 -1.531041503
H 1.741100311 -1.182686567 -0.482597828
H -1.976325750 1.172254205 2.732400179
O -1.645247459 0.406184375 2.253999949
C -0.577493191 -1.322458625 0.485903382
C 1.836955905 -0.124727905 -0.749843657
H -1.436142206 -0.832503498 -1.471051455
