14

C -1.312680244 -0.318392485 -0.415878177
C 0.047941186 -1.240421534 1.156084657
N 0.303398401 1.486643672 -1.058665872
N 1.988003969 0.284462750 0.966311634
H 2.649055958 -0.353978544 1.349269509
C -0.541593909 1.940392137 -1.914451003
H 0.390837997 -1.903144836 1.936115026
C 0.748356581 -0.192584366 0.619166493
C -0.089994185 0.422053576 -0.380144686
H -1.980880380 -2.040194750 0.750853300
H -2.140838623 -0.134804279 -1.087625623
N -1.228954077 2.430196047 -2.727422714
C -1.215821624 -1.312233686 0.522276878
H 2.383168936 0.932006121 0.284110367
