17

C -1.492491245 0.686594605 0.445592105
H 1.796280146 -2.241839409 -3.778912306
H -2.093667269 0.812037408 -0.443705648
O 0.634828866 -0.988615513 -1.164652228
C -1.080952525 0.538297892 2.637306213
N 1.311188698 -2.302289486 -2.881629944
H 0.730413496 1.093120456 -1.271502495
N -2.047073126 0.748287380 1.694966912
C 0.110428929 0.353373498 1.983894467
H 1.864768147 0.324030101 -0.130506814
C -0.145431072 0.446255922 0.583931208
C 1.241296530 -1.151677728 -2.361861706
C 0.831214368 0.283301979 -0.522427797
H 1.062024355 0.156787992 2.439604521
H -1.318858147 0.550456405 3.681066990
H 1.613553762 -0.221741527 -2.796250105
H -3.017524004 0.913619995 1.885085821
