17

C 0.271995753 -0.105688691 0.531046271
C 0.459815443 -1.578334808 0.756322026
H 1.513249755 -1.890187979 0.726337075
O -0.087630302 3.454899788 0.204360589
H 0.054773442 3.786942720 1.101226211
H -0.870302677 1.880566478 -1.702979088
H -1.336814165 -2.492886543 -0.117503688
H 0.048920855 -1.952471495 1.701092124
N -0.558539748 -1.058890581 -1.450635552
C -0.022525022 2.099014521 0.227447927
C -0.304813087 0.092586458 -0.669809461
N -0.541233420 1.430004716 -0.862378836
H 0.088121764 -1.129655361 -2.237683535
H 0.149979413 -3.017280579 -0.930585861
C 0.501715243 1.205552220 1.123498082
C -0.340220869 -2.164533377 -0.462699562
H 0.973507643 1.440363050 2.062945366
