16

C -1.144025445 -0.597887576 1.321196079
H -1.512486458 1.515864611 0.662662327
N -1.008502722 0.614234269 -1.976805091
H -0.739374757 0.615799427 -3.825034142
C 0.725780725 0.861789703 0.756369293
C -0.820137799 0.684395134 0.561193585
H 1.239947081 1.736232877 1.121645451
C 0.970870078 0.021633813 -0.499963820
H 0.053677283 -2.308780909 1.900317311
C -0.031052183 -1.324762702 1.468408465
H -2.141634226 -0.889058292 1.619313836
H 2.151601315 -0.823110104 1.184825540
C -0.427276462 0.321170211 -0.892863512
O -0.179894775 0.322677344 -3.085606337
C 1.126568317 -0.567459643 0.919117391
H 1.735939860 -0.182737991 -1.234776378
