13

O 0.445321143 2.070068121 0.504704118
H 2.386193752 1.468152642 0.323264182
O 0.179835722 -2.668171644 -0.687831879
C -1.285257459 0.481790662 0.145190537
H -2.340878963 0.258240998 0.109049648
N -0.803973854 -1.737934113 -0.444693565
H -0.311279833 -3.479766369 -0.867986977
H -1.497036815 2.558367729 0.651932418
O 2.018939018 -1.029671669 -0.243032396
C 1.050012231 -0.170172155 -0.038294334
C -0.865124881 1.718812704 0.442802459
C 1.369546771 1.108929873 0.256597877
C -0.346297324 -0.578645885 -0.151701972
