19

C 0.938206553 1.426095486 0.916745424
C -0.944827139 -1.731669784 1.327046752
N 0.812569082 0.773353934 -0.390487581
C -0.049360383 -0.285701364 -0.178724572
H 0.297517896 2.325660467 0.959419131
H 1.215020418 0.090978689 2.494058371
H 0.772959948 0.980447829 -2.469669580
H -1.994115591 -3.010031700 -0.103476107
C -1.368002295 -2.144469023 0.109488100
H -0.263359100 2.153342962 -1.621982217
H 1.514980197 2.331699371 -1.593305707
H -1.647539258 -0.802200854 -1.590999484
H -1.125107288 -2.238142014 2.262492418
C 0.685907066 1.598009586 -1.572481275
C -0.839961886 -1.263471723 -1.002322078
N 0.449221969 0.446922719 1.931105971
H 1.967575788 1.721486092 1.108598709
C -0.188250795 -0.536781907 1.134251475
H -0.233434692 -1.835528970 -1.719758391
