20

C -0.434959710 -2.386179209 -1.295922756
C 0.035172835 -0.352258682 -0.370630026
H 2.161801338 -0.568378389 1.363901258
H -0.442356825 -3.382382870 -1.702877283
O -2.367999315 0.438631356 -0.641511559
H -0.807264149 1.819385886 1.263595819
H -0.446733057 2.457107782 -0.371061951
H -2.482575893 -1.887920380 -1.602362514
H 0.809734344 0.048398763 2.316567421
H 1.608913779 1.067214251 -0.457024336
C -0.005563583 2.040682793 0.538996577
H 2.182295799 1.103249073 1.940116286
H 0.620495737 2.820100784 0.980579495
C 0.564973176 -1.640263319 -0.733603060
N -1.572479010 -1.628566742 -1.263224006
C 0.819217324 0.772398233 0.254140139
H -2.081063747 1.307762146 -0.412248552
C 1.541271806 0.318665475 1.538964987
C -1.297991157 -0.404618353 -0.717456758
H 1.595110536 -1.943028808 -0.628938973
