16

N 1.252546072 -2.668994904 0.230578825
H 1.957663655 0.264087349 0.635997951
C -0.657458007 -0.893092513 0.450517625
H -0.992369711 -0.963349640 1.503897309
N -2.722129583 -1.500599384 -1.071816087
H 0.975288570 0.630944967 2.055918932
H 1.374900699 1.913767338 0.907511294
C 0.405249745 -1.901308894 0.295816004
H 0.797775924 0.227964759 -1.746801972
C -0.160108879 0.569266677 0.187057316
C 0.016628118 0.867273808 -1.300650716
H 0.329146653 1.917999387 -1.431352139
H -0.975906193 1.206260920 0.566553950
H -0.901364326 0.711633384 -1.871335626
C -1.810950160 -1.242671847 -0.400100142
C 1.111087799 0.860818803 0.988207221
