19

C 1.128599048 -1.337780595 0.586952806
H -2.176389217 -0.580824077 -0.436368346
C 0.625709534 1.184544921 -0.983172774
C -0.833728790 -0.592892587 2.029789686
H -1.061851144 -1.613472342 2.361264944
H 1.185984850 0.419612110 -1.548075795
H -0.732629001 -1.084495306 -1.445146680
C -0.196736872 -0.598313332 0.646386206
H -0.150285855 -0.144868031 2.770354748
C 0.046089150 2.154306173 -2.003362179
H 1.348773837 1.757460117 -0.378980696
H 1.888626933 -0.847716928 1.215261221
H -1.063503981 2.240591049 -1.965293288
N -0.413555741 0.653689623 -0.100820556
H 1.002735853 -2.356983185 0.978255391
H -1.760547400 -0.004913396 2.024347305
H 1.526128650 -1.430307627 -0.426957905
O 0.728982151 2.767237186 -2.779668570
C -1.092402220 -0.584873497 -0.544765532
