17

H -0.404974967 0.385150701 -2.095588207
O 1.994660378 0.689827919 0.966055453
C 1.087875605 1.500101566 0.211157873
C 0.736881077 -0.769764602 -0.540200830
H 2.597555876 0.409905553 -1.068370819
H -0.954005182 -1.352455258 -1.864439487
H -2.736962557 -2.495818377 2.062785387
H -1.033898234 1.877727389 0.024969121
C -1.426513314 -1.136962533 0.815481484
C 1.733721256 0.338796556 -0.397735357
C -0.582892299 -0.262994200 0.049921684
C -0.364599675 1.184969664 0.534518600
C -2.116179705 -1.865445852 1.479690671
H 1.402994514 2.528890133 0.043021008
H 1.041359901 -1.805909634 -0.375881851
H -0.544508457 1.266474962 1.606164694
C -0.430514336 -0.492493868 -1.451549530
