18

H -1.613676310 -1.641011238 1.640148282
C 1.151484370 -0.324578524 0.361618012
H 0.573307276 -0.763116241 -3.093961954
C -0.202841565 0.768840253 -1.666285634
H -0.438502282 -1.469038129 -1.769582033
C -0.302236557 0.893150389 2.195358276
C -0.553317785 1.782692552 2.939490318
H -1.068803906 0.901642740 -1.041233301
C 1.011232018 0.072451033 -1.089324117
C -0.030521642 -0.151026711 1.263135314
H 1.952498913 0.440818489 -1.476705909
H -1.410913467 -1.254100680 -0.129045054
H -0.784268320 2.570691824 3.594665766
N 0.449201316 -1.412538171 1.068026543
H 2.149909735 -0.167588785 0.776167750
C -1.008428931 -1.211469531 0.865057349
H -0.026782146 1.593072891 -2.340782881
C 0.152658969 -0.628891647 -2.096746922
