18

O 0.253944367 1.608487964 -0.930846334
H 0.139135033 1.436141014 -3.006499529
H 1.686397195 0.886703491 -2.284020185
C -0.354814321 0.386924922 -0.627070069
H 0.648370147 -2.029692411 2.483069420
H -2.001767874 -0.173797891 0.728911698
C 0.590725005 -0.697713792 -0.033671245
H -0.977385223 0.049490392 -1.483349562
N 0.078000501 -0.382370293 1.319495082
H 0.339167684 -1.719627261 -0.394984365
H 1.294577718 2.630499125 -2.350021362
H -0.744572639 -1.122760057 3.091831684
H -1.209834576 1.372041106 1.196060061
H 1.668170810 -0.531999946 -0.159388095
H -0.959932625 -2.240254641 1.730773211
C 0.866009951 1.632734299 -2.209137440
C -0.268477857 -1.498641253 2.185877562
C -1.047712922 0.393835157 0.742969334
