16

H 1.160565615 -1.675080895 0.319991052
H 0.037088815 -0.022462053 -1.998114347
N 1.068713188 0.354967743 0.733767033
C -0.214169294 0.320846558 1.524912119
H 0.534074128 2.353446484 1.167703509
C -0.748500109 1.838334084 -0.432830691
C -0.803562760 -0.840004265 0.703918993
H 0.334959567 -1.757769465 -1.969817996
H -0.219001502 0.410588682 2.605110407
H -0.986539125 -1.738655925 1.292402983
H -1.699988127 -0.598803341 0.130318269
H 1.683094025 -0.636392653 -1.860183716
N -1.463614941 2.152166128 -1.291492105
C 0.556734741 -0.848369062 -0.041810643
C 0.111064702 1.488897920 0.669549167
C 0.649081290 -0.801709950 -1.553423762
