16

H -2.117472410 0.268445760 1.572324872
H -1.300935149 -0.434705019 -2.770946980
O 2.533661366 -0.623294473 0.493921757
H 0.951762140 -1.431517959 -3.359464645
C 0.052557185 0.433123499 1.481958032
H -1.400740862 1.334094882 2.804362059
O 1.732017159 -1.058296323 -1.540839672
C 0.699405909 -1.007973194 -2.405637026
H 0.834672928 1.173031569 1.692667842
C -1.337911129 1.009629011 1.758813977
C -0.487656593 -0.487647891 -2.057797194
C 0.240750849 -0.064069644 0.072036706
H 0.272517979 -0.395643502 2.165935516
N -0.719101071 -0.006130957 -0.783443332
C 1.586658001 -0.576684773 -0.241976023
H -1.540186524 1.867638707 1.118084192
