16

C 0.139490142 -0.042871810 0.386829793
N 0.689766228 -0.918615758 1.350957036
H -0.561866045 -0.128050327 -2.875275135
N -0.380157053 2.257218599 1.189361572
H 0.784857631 -0.717609406 2.338331461
N 0.602136195 -2.022145033 -0.553184867
C -0.419843405 0.095167488 -1.820132256
C -0.707853913 1.317624807 -1.168743730
C -0.343877316 1.246714711 0.202773631
C 0.099688016 -0.749668598 -0.817286432
H -0.491749436 3.182829142 0.763211548
H 0.664132595 -2.799130201 -1.204024315
H 1.322741151 -2.971968889 1.269135714
H -1.158834338 2.186289310 -1.643271685
C 0.926758170 -2.098630428 0.757872105
H -1.165388584 2.162846565 1.823445320
