18

C 0.467875063 -0.305316538 0.639310241
C -1.091056943 1.404884458 0.159162968
H -2.772920609 0.689705610 1.412513018
C -0.356112480 1.050642371 -1.130501151
C 1.920508265 -1.712150931 -0.350830108
H -2.175191641 -0.563959658 0.231394783
H -1.023980021 0.762382030 -1.944534540
C -1.962421775 0.345447928 0.782482743
H 1.633789778 -1.705576897 1.872263908
H -0.389796317 0.911607206 2.282940626
H 0.271727681 1.873684168 -1.472623706
H 1.503905654 -0.920636714 -2.405658484
C 1.375820637 -1.313013911 0.894944966
N 0.472575516 -0.081185848 -0.725181401
C -0.548888385 0.527811170 1.280951142
H -1.329444885 2.441725016 0.326959759
C 1.354641199 -0.929588974 -1.334569693
H 2.648969412 -2.476460695 -0.519025087
