17

H -0.777082920 -1.954118848 0.102201752
H -0.531993449 -1.296660304 -1.564839125
H 1.855783820 -2.130361080 -0.572728395
O 1.428855181 -0.981650472 1.087280154
O 1.739261746 -0.129270092 -1.049298763
C -0.306558222 0.223900840 0.049952909
H -3.558780193 1.990983129 0.245491832
C -2.635490656 1.486493945 0.187218502
C 0.753654540 0.897720933 -0.875484705
H -0.265610218 -0.396158129 2.162938118
C -0.235297799 -1.223283410 -0.516783535
C 0.425184280 -0.004799116 1.401883602
C 1.269547820 -1.238906026 -0.302652925
H 0.882002831 0.914095879 1.783192992
C -1.575510979 0.892707825 0.119207181
H 1.205590844 1.773591042 -0.412680894
H 0.326444060 1.175713778 -1.844898105
