14

H -1.655256033 -0.825881064 0.571382284
H 0.585484743 2.139232874 -1.492555499
C 0.207986072 1.494319677 0.497942358
H 0.342000395 2.471618652 0.954794765
H -0.261696905 -2.064580917 -1.068727970
O 0.191636473 -0.133158281 -2.678784609
H 1.209014654 -1.468134761 -0.304005682
H -0.463726223 -1.719541788 1.513713598
C -0.153654337 0.389633775 1.428576231
O -0.136851490 0.556081772 2.633286476
C 0.346993119 1.313336492 -0.835569680
C -0.580854535 -0.922460914 0.787308633
C 0.205257654 -0.018794630 -1.474751115
C 0.163666636 -1.211670160 -0.532609522
