14

C -0.268033266 1.591336250 1.240348458
H -0.672783375 0.175779328 -1.478938460
C 1.115953565 0.610148072 -0.343661159
H -1.116353035 -2.097394705 -0.543477237
O -0.610660255 2.291571379 2.135635138
O 0.922110617 1.680264950 0.607434392
C -0.216322184 -0.130444139 -0.536265850
C -1.075294852 0.447574168 0.576775849
H 1.893288970 -0.045331772 0.058693491
H 0.480341375 -2.043610573 -1.319341063
H 1.495565891 1.070577860 -1.263804317
O -2.183955431 0.116381042 0.899866462
H 0.346050262 -2.000594854 0.449729830
C -0.109908409 -1.666256905 -0.482995301
