14

C -1.476218820 -0.463823050 0.135551080
C 1.231308579 -0.100779243 0.229852617
O 1.970789909 2.263345003 0.814517379
H -1.559223890 0.163790777 -2.008064032
H 1.926448941 -0.438577771 -0.547530353
H -1.424187660 -1.389636040 0.695829928
O 1.428800344 -0.904417694 1.357773900
H 0.830014706 -0.608781159 2.043400526
H -0.673235834 -1.412982225 -1.738678813
C 1.251887441 1.425434709 0.385520071
C -0.191988572 0.163405538 -0.272525430
O 0.011148423 1.591688991 -0.186504036
C -1.021971941 -0.468008161 -1.317109823
H -2.303571701 0.179340780 0.407967061
