16

H -1.923482537 -1.548531175 2.127909660
C -0.381667912 1.041351914 0.549487114
N 0.343293399 -1.069270015 -0.312059462
O 0.621228993 1.975522280 -1.960042238
C -1.227936387 0.384774506 1.449795723
O -0.471736193 -3.024114132 0.541495681
H -1.823199749 0.958386600 2.147138834
C -1.280373335 -0.992335081 1.460350871
H 2.181309700 1.345032692 -0.752131939
C 1.310078621 0.928943932 -1.291536570
H -0.317644775 2.119338512 0.504328489
C 0.382885396 0.268124938 -0.308891922
H 1.683197498 0.169394583 -1.990088940
C -0.461237431 -1.674774051 0.544954956
H 1.257399201 2.414316893 -2.530400991
H 0.107885137 -3.296162367 -0.180308789
