18

H 2.650896072 2.970569372 -0.603478014
C -1.914192438 -1.006714582 1.243308663
N -1.940981507 -1.930592299 -0.785873890
H -2.178212881 -0.709159672 2.238262415
H 1.903375864 2.660300970 0.962492287
H 0.599001408 1.538803101 -0.848825037
C -0.810183525 -1.174421310 -0.758647144
O 1.386185408 0.115456283 0.466417342
H -3.531552792 -2.355605602 0.571550667
C -2.618399382 -1.842565417 0.402975321
C 2.422747135 2.205969572 0.123661853
O 0.210675687 0.133821979 1.031120777
H 2.059391260 0.686330318 -1.368552566
H -2.224534750 -2.497105598 -1.552860260
C 1.553026438 1.136212349 -0.512263298
C -0.768298924 -0.619022965 0.503462076
H 3.356940746 1.769788742 0.490615547
H -0.155884132 -1.082065582 -1.603366137
