14

H 1.771307588 2.049885750 -0.005241820
H 0.740257144 2.167188406 -1.436468363
N 0.412796259 -1.708284020 -0.535136461
C 0.935433269 -0.475872308 -0.759039760
H -1.277444839 1.221047282 1.139083624
N -1.288962007 -0.816118300 0.893251956
O 1.901031613 -0.210592091 -1.428683639
H 0.104427032 2.659299374 0.162294805
N 0.249532714 0.616081774 -0.115661278
C -0.804760993 0.372909516 0.672680259
O -1.069001198 -3.042756557 0.460794121
C -0.610537589 -1.810048223 0.247404620
H -1.811473966 -2.991062641 1.070000052
C 0.747394979 1.968322515 -0.365278393
