16

H -0.455868542 -0.247222856 2.243681908
C 1.529864311 0.226623788 1.177542806
H -2.385686636 0.711522877 -1.182007074
O -0.484320432 -0.769241631 0.207054883
H -1.981286407 -1.834869385 -1.553635120
H 2.121090412 -1.360161185 0.247891411
O 0.112724528 1.328492165 -0.570114553
H 0.395439744 -0.391304165 -1.652228713
O 2.268086195 -0.418917418 0.195192203
H 2.063905478 0.422632158 2.102763653
O -2.079654932 -1.074793100 -2.169017792
C 0.066270865 -0.078041188 1.304781199
C 0.499902487 1.260388613 0.782115817
C -0.341256738 0.043920673 -0.952550590
H 0.371782750 2.190564632 1.302834511
C -1.700993896 -0.009593981 -1.484304786
