14

H 1.743357658 0.362119496 2.236045122
N 0.324150085 -0.700813949 -1.616078615
O -0.230692953 2.085120916 2.917493105
C -0.161618903 1.301827073 2.003874063
H -0.747176707 -0.550072372 0.181657940
O 1.241075873 -0.024528613 0.316556424
H -0.558391988 -2.246599436 -2.700078011
H -1.110371947 -0.636704147 -3.138885021
C -0.824400246 -1.267033458 -2.282247782
C 1.182704687 0.852648258 1.420385718
H 1.736027241 1.761497378 1.153784990
H -1.712421417 -1.396426797 -1.646260977
H -1.066958427 0.887881100 1.543295383
C 0.184716955 -0.428915352 -0.389542282
