16

H 2.724199772 1.580445528 0.450880408
H 0.857154608 -1.477550626 -0.040863156
C -2.670675039 -1.577343822 -0.473666131
H 2.240723372 0.342787206 -0.781623304
C 0.534059942 -0.830028951 0.788131595
O 0.837649941 1.759630203 -0.262611985
C -1.796907067 -0.870530367 -0.083188243
H -3.460780382 -2.201239109 -0.817663074
C 1.910081148 0.933634043 0.109835893
O 1.583873749 0.060630225 1.153061628
H -1.026439548 0.566307068 1.237772822
H 0.331915736 -1.439563632 1.657807589
H -0.020900907 0.460792869 -1.642962575
C -0.270441264 0.996989548 -0.722854018
C -0.712325692 -0.013441676 0.367322057
H -1.061188698 1.708482027 -0.939379752
