20

H -1.098905802 -1.584936619 -1.549543500
C -1.198397756 0.607907414 -0.875586033
H -2.006902933 1.202681303 -1.311746120
H 2.047055721 0.667609632 -0.345054328
C 0.898696840 -0.033731833 2.261895895
H -1.903850436 -0.246519476 1.013099909
C 0.976918399 0.675600648 -0.236691475
H 0.255633086 0.173198566 3.118466616
H -0.166359589 -1.920094967 1.765677571
H -1.420064449 1.454310417 1.114138007
N 0.176456004 1.142088294 -1.256298184
H -0.213354751 0.668748260 -3.333465338
C 0.275008470 0.103036232 0.890211105
C -0.832378983 -0.584538460 -1.675612926
H 1.920820355 0.302925795 2.389276981
C 0.640440285 -1.274466872 1.462006569
C 0.183403030 0.188456297 -2.432964802
C -1.187660933 0.497952580 0.646433115
H 1.487189770 -1.793217063 1.015032649
H 1.166253686 -0.247010216 -2.659276247
