18

C 0.072531149 2.072946787 -0.164698064
H 0.006997802 1.560263276 -1.111604452
H -1.464730978 2.751073122 1.344746590
C 0.317776948 -1.054899812 0.025126589
C 0.365544528 1.299523234 1.087461114
C 0.770001590 -1.807122827 -0.797621548
H 0.559893012 -3.074329853 -2.471609116
C -1.013478756 1.902947903 0.860748291
C 1.334317088 -2.730178833 -1.777528763
C -1.641513348 0.510216653 0.748411000
H -0.201291293 -0.603276253 1.986618400
C -0.221984699 -0.129714951 1.007428288
H 0.531840444 3.050732136 -0.209715009
H 1.759623051 -3.610857010 -1.290707946
H 1.150087357 1.583708644 1.776686549
H -2.106144190 0.265096962 -0.199195325
H -2.338908911 0.275744081 1.550836325
H 2.119439125 -2.261872292 -2.365382671
