18

C 1.205344200 -0.335207313 1.061257839
H 2.004983187 -0.574741066 1.760917425
H 0.401401401 1.317550659 2.266189575
H 2.246435404 -1.448118448 -0.499891996
C -0.764172733 0.072502248 0.869010687
O -0.027200706 -1.067726731 1.353552103
O -2.841337919 0.976033866 -0.660847843
H 2.149864912 0.284317434 -0.777969837
C 0.433494300 0.989303887 1.222952604
H -1.729779124 0.225136921 1.359439015
H -3.466821432 1.201848030 -1.365503192
H 0.680130601 1.833437324 0.569515824
C -0.864501059 -0.057178363 -0.632886887
C 1.584670663 -0.582939327 -0.412787020
H 0.422038466 -0.542361915 -2.295123100
C 0.300877839 -0.805162251 -1.238693595
N -1.785751343 0.392799079 -1.387707829
H 0.050323021 -1.879494071 -1.191423893
