14

C -0.036580119 -0.824307680 -0.460193157
C 1.387241244 -0.554427266 -0.077467434
H -1.968239307 -1.284309030 0.545670569
H 2.126429796 1.248830795 1.103490710
C -1.010085344 -0.818679094 0.703330278
C -0.749746025 0.457831413 -0.067526199
C -1.801879525 1.067316532 -0.835060596
N -2.660539865 1.555019736 -1.443756580
C 1.434615612 0.827418029 0.387684107
O 0.182438239 1.417283177 0.400021881
H -0.629171610 -0.875733435 1.712416768
H 2.042243719 -1.337512612 0.272917926
O 1.964171767 0.484985709 -0.879149258
H -0.280898184 -1.363715768 -1.362379074
