18

H 0.794685900 -1.883843660 -1.841396332
H -0.441800267 -2.547067881 0.435015976
C 0.630788326 -0.655200720 0.689512849
C -0.274485141 1.508756518 0.571496487
H -2.107768059 0.648631155 -0.191517264
C -0.611382604 -1.480422735 0.601862252
C -0.310288697 -0.567609072 -0.557315409
O 1.798294902 -1.404234409 0.755580902
H 1.363087773 1.092409968 1.915146351
H 0.989197671 -0.120423891 -2.198695421
H 2.315967560 -1.248634219 -0.044319779
C -1.057407856 0.764191151 -0.485748500
H -1.173822403 3.178293467 0.246122867
C 0.629029572 0.734791040 1.208432674
C 0.404493839 -0.894912243 -1.743488073
H -1.445351005 -1.238905907 1.267559528
H -1.045696020 1.284390450 -1.454936743
O -0.457543641 2.829790831 0.826687276
