18

H -0.547398150 3.044489384 -0.145565733
C -0.790976524 0.895051062 -0.013658466
H 1.963630080 0.237008497 0.540933371
H 0.914767742 -0.261084378 1.899596334
C -0.921957195 -1.564135551 0.289542705
C 0.087199576 2.142994642 -0.069791496
H 0.694905877 2.256673098 0.836741388
H -1.492724299 0.906602263 -0.854455531
H -1.391659141 0.905011356 0.901705563
C 1.215735674 -0.489270180 0.870905280
H 0.744737148 2.133935928 -0.936173081
H 0.979971528 -1.741604328 -1.582293630
H -2.281188965 -3.285644770 0.826823235
C 0.471953630 -0.742322683 -1.492669582
O 0.348354518 -0.013865487 -2.432581425
H 1.673200488 -1.482574344 0.858433604
C -0.028041963 -0.455230504 -0.067974038
C -1.640509963 -2.486033916 0.570482016
