13

H 0.176648661 -2.500894308 1.098583460
H -1.191896558 2.399481535 1.243333578
C -0.691582143 1.823007822 0.456232905
N 1.001073241 -2.498661280 -0.797544360
H 0.260220408 2.290646076 0.186439604
O -0.823614061 0.026215293 2.039072752
H 0.701705456 0.516120732 -1.918345571
C 0.646752417 -0.347117603 -1.271160841
O 1.148015618 -1.479702115 -1.753296733
C -0.489814788 0.398156345 0.937283337
H -1.315364957 1.830997825 -0.440722793
C 0.166400731 -0.539503813 -0.001337921
C 0.411456227 -1.918747067 0.221462712
