18

H -1.935683489 0.145172656 -0.245389655
H 3.282536030 -2.464838266 -2.962958574
H -0.433689773 2.170857191 1.628663182
H -2.295129299 0.075333074 2.543659449
C 1.678385854 -1.259808898 -1.925636888
H -0.342375815 -0.779760838 -1.668004155
H 0.770535171 0.592576087 -1.559548020
O 0.729281008 -0.622624099 0.127019256
O -2.459766388 0.451008976 1.665847540
H -0.169413164 2.070698738 -0.113795221
H 1.200938225 1.863487124 0.999195755
C 2.534945011 -1.901042223 -2.481673717
C 0.641648889 -0.463122189 -1.281987906
C 0.134487346 1.649795532 0.853987575
C -1.615064621 -0.199797124 0.743482232
H 0.138034999 -0.178903759 1.962911367
C -0.128586754 0.147268370 0.946852684
H -1.731083274 -1.296301007 0.767374635
