22

C -0.768433869 0.623934984 1.263769031
H -0.668759584 -0.217981175 1.981512189
H -3.551105738 -0.310249150 -0.192156076
C 1.688187838 0.372284383 0.659721315
H -1.940078139 -1.666681170 -1.596847177
H -1.760282159 0.071020223 -1.840224624
C -1.619648218 -0.737781048 -1.110593438
H -0.574595034 1.552200675 1.817952752
C -2.515580893 -0.471533298 0.100084171
O -2.098672628 0.709215522 0.797666728
H 2.708247423 -0.156333417 -1.212312102
H 0.488388956 -0.922305167 -1.566802025
H 1.856163621 -0.602861285 1.139594316
H 0.006268268 -1.704765558 -0.072352014
H 0.155573174 1.316311836 -0.517038822
C 0.252610654 0.435776025 0.130388558
H 1.814247131 1.123119354 1.434960008
C -0.147518009 -0.811682701 -0.690355778
H 2.634319067 1.576619864 -0.898168325
H -2.482695580 -1.331512570 0.788031936
C 2.761750698 0.595444322 -0.423518896
H 3.761613369 0.557758987 0.006688267
