17

H -1.419197559 0.657974482 1.321187615
H -1.372864723 1.134578586 -1.198905826
H -0.417124242 -1.413425922 -1.504329681
C -0.604601681 1.618412375 -0.586520553
O -0.390252352 -3.665816069 0.205836356
H -0.603548169 2.681605101 -0.791610181
C -0.614937365 1.299962044 0.945439577
H 1.622464776 1.352010489 -1.302021146
N 0.855171680 -0.360381007 -0.195015013
H -0.595123708 2.213098764 1.550182462
C -0.195418105 -1.350314260 -0.430815578
C 0.779941440 0.670909941 0.816930592
H 1.577749133 0.732598603 1.548666716
H -1.153259158 -1.152350426 0.082772084
H 1.415540934 -2.720623016 0.188620746
C 0.799881876 1.002025723 -0.679443538
C 0.315576762 -2.700265169 0.029025281
