17

H -0.596033275 -0.123473577 3.039864779
C 0.015892157 -0.433533937 -1.525412679
H -0.780207753 -0.337285161 -2.249763727
H -2.771166563 1.008662581 1.872675776
H 1.429978490 -1.628803492 1.821077347
N 1.310574412 -1.079306960 0.984653056
H 0.335674822 -1.484694362 -1.505943179
C 1.159995317 0.394193828 -1.917999029
H 2.931959867 1.655443907 -2.525597811
C 2.104354620 1.066293120 -2.238171577
C -0.769613326 -0.007033024 1.989032030
N -0.530523181 -0.114325024 -0.221691385
H -2.348066568 0.842606544 -0.808628976
H 2.082431555 -0.427095413 0.911570311
C -1.914418221 0.578050792 1.369798899
C 0.075562850 -0.414301991 0.986305594
C -1.736395478 0.504602313 0.018230991
