17

C -1.542870283 -1.259061933 0.813699126
C 0.402573347 -0.001830708 2.153555155
H -1.390347600 -2.273545504 1.191749930
C 0.991299748 1.024760723 -2.327476263
H 1.388081551 0.422336638 1.927282572
H 1.018691659 0.110944413 -2.927957773
H -0.153105140 0.746581793 2.737005472
N -0.988965511 -0.614990652 -1.247545004
H -2.413071156 -0.854728520 1.369267225
N 0.985967577 0.702034473 -0.917724311
H 1.373692513 1.397026181 -0.299247265
H 0.556571424 -0.859278262 2.813682556
H 0.107967161 1.598572493 -2.637703180
H 1.887753248 1.610742688 -2.556294918
N -1.850303173 -1.305103660 -0.610343337
C -0.320962876 -0.390605658 0.903964758
C -0.052972984 -0.053853992 -0.385914624
