18

H 1.579218864 -2.030840397 -0.833998203
C -1.012278914 0.108885333 -1.048674226
H -0.831634402 0.099758387 -2.143071651
H 0.895253301 1.215434909 -1.006357431
C 1.294970870 -1.770679355 0.190830126
H -0.841298640 2.757509947 -0.067994736
C -0.413431823 1.976129889 0.574362338
C -1.024571061 -1.276837826 -0.557861805
C 0.896308839 -0.274792910 0.614759505
H -1.400509953 -2.094463348 -1.153157353
C 0.161335424 0.831461728 -0.277962327
H -1.965646029 0.642967045 -0.918324471
H 0.355206698 2.433469534 1.203467369
H 1.902886271 -2.256994247 0.959626079
O -0.043244477 -0.694046319 1.658607364
H 1.777700543 0.229345992 1.105474353
C -0.123543702 -1.485716343 0.476555496
H -1.206721544 1.589408517 1.223719239
