21

H 1.264804959 2.062852621 0.097964428
H -0.094863683 2.420768261 2.810644150
C -0.339705348 -0.677512586 -2.242211342
C -0.263480395 -0.962557673 -0.769230902
H 1.883450031 -0.379691303 -0.362502843
C 0.608685374 1.824526906 2.227534056
H 1.196307421 -1.581445456 0.758361161
C 0.390825629 1.823690653 0.708137751
H -0.451448053 2.409861565 0.353051037
C 0.970835388 -0.733039081 0.116538927
H 0.590704024 -0.471603900 -2.767372847
H -1.956073403 0.343268126 -0.019787822
H 1.622854590 2.054210186 2.563866615
H -1.580819368 -2.469995499 -1.753712893
H -1.569536924 -1.059881806 1.007209659
C -0.565858662 -2.077017546 -1.720929623
C -1.159985065 -0.327251464 0.311609387
H 0.207315564 -2.812062979 -1.900237322
H -1.192672133 -0.122004114 -2.607123613
O 0.312850446 0.419302553 2.301813841
C 0.125809386 0.315581530 0.886378288
