15

C 1.818365455 -0.979660809 -1.589238286
C 0.265151560 -0.189525947 0.121533111
O -2.232383490 1.387683153 2.076619625
C -1.415862799 0.785104871 1.176847339
H 2.249166965 -0.345436454 0.334466487
H 0.525608540 0.642868459 2.211722136
H -3.071259260 1.608780742 1.660156488
H 2.762188911 -1.519792914 -1.655243754
N -1.788057446 0.379123926 -0.054252457
C -0.083922565 0.457293779 1.333730817
H 1.885418296 -0.043811224 -2.179743767
H -2.695724010 0.408621848 -0.483763605
N -0.738440216 -0.219417751 -0.736636281
H 1.030949593 -1.593109250 -2.036796570
N 1.488800883 -0.778722227 -0.179401308
