23

H -2.640255928 -0.097721010 -1.532588124
C 2.673053741 1.732528806 -0.634772480
H 2.258838177 -0.686950266 -1.201725960
H -1.420178413 1.323079586 0.152444631
C -1.982635260 -1.554799557 0.012001026
H -1.038624167 -0.898167431 2.106443882
H 0.013990292 -2.282181978 0.093025632
H -2.366518497 -2.555937529 0.100622252
C -2.775955677 -0.351912171 -0.483760059
C -0.510025263 -1.330221057 -0.062255267
C 1.604931951 -0.504010201 -0.340939403
C -1.262685418 -0.694384336 1.073836446
O 0.255746990 -0.481248647 -0.836559713
H 2.900355339 2.691136599 -0.174996227
H 2.059244633 1.907555938 -1.519015074
C 1.920457721 0.831933558 0.335572153
H -2.714871407 0.955355883 1.307693839
H -3.839202166 -0.445889473 -0.283985555
H 2.522542953 0.666939557 1.239154577
C -2.043266535 0.532842517 0.568279564
H 1.785562277 -1.329483271 0.367295355
H 3.613793373 1.284303308 -0.949889421
H 0.985701025 1.287231088 0.664117932
