18

H 1.204038739 1.026510358 -2.927529335
H -0.858431280 -0.688114345 2.476915121
N 2.246618986 -0.366361380 -0.464371175
H 3.208162785 -0.336384058 -0.721651077
C 0.338209450 -0.586805105 0.647036791
C 1.656970143 -0.954397857 0.640173674
H -2.881596088 0.148391560 0.795889795
C 0.127389252 0.229232535 -0.494074017
H -1.399281859 -1.751884103 1.178077817
H -1.841585994 0.070293605 -1.260064125
H -1.340701938 1.623303771 -0.954197824
C -1.815529108 0.372499406 0.833239436
C 1.303389311 0.416532248 -1.130786896
N -1.296331286 0.647963107 -0.586682439
H -1.665177464 1.286470890 1.406387925
O 1.718753219 1.215180039 -2.143602371
C -0.943191409 -0.781476855 1.400703192
H 2.238294601 -1.570953965 1.304535389
