22

C -0.187279850 -2.099026680 -0.252771527
H 0.529127121 2.931731939 -1.934384108
H 1.884867311 1.575945735 -0.308434397
H -0.244168118 -3.172916174 -0.378557086
C 0.484564781 0.696189404 -1.704269290
H 0.679926336 1.796784282 1.687260270
H -2.355805635 -1.971200109 0.273221940
C 0.048502307 2.114319086 -1.400641322
H 0.546767294 -1.628537416 -0.885418415
C 0.242913991 1.063254595 1.006368279
H 1.316420078 0.550397575 -2.387086868
H 0.300225616 -0.235526085 2.701796770
C 0.828579545 1.334175467 -0.367215335
C -1.465951204 -1.376844764 0.113808051
C -0.342052966 -1.503869176 1.125622988
H -0.509559810 -2.246866703 1.893360257
H -0.827912152 1.270199060 1.010437608
H 1.547433138 -0.588314533 1.527963281
H -1.000183702 2.280967236 -1.208410025
C 0.487644702 -0.332374781 1.623565435
H -1.680293322 -0.411719948 -0.307779849
H -0.283765405 -0.046768133 -1.828436494
