20

H 2.834498882 -1.957094073 0.886527777
C 1.582093239 -0.215526044 0.009816824
H -2.561295033 -1.499854326 -0.751307666
H 2.202216387 -0.522445321 -0.850535035
H -1.864553213 -0.858789742 -2.249121428
H -1.843545318 1.658397317 1.336283684
O 0.847540617 -1.379369140 0.606221557
H 2.157456636 -0.803865731 2.142211199
C -1.828688741 0.497845292 -0.585930109
H 1.261583090 1.579486370 1.399733782
H -0.813281953 -1.380012274 -0.920846105
C -1.347443104 0.891655326 0.763772964
C -1.746806979 -0.894550085 -1.164989948
N -0.683217883 1.383857250 -0.451156169
H -0.896307647 0.099513747 1.331234097
C 0.700765550 1.016346931 -0.614494562
H -2.701417685 1.046809673 -0.930916786
C 2.086484671 -1.208554506 1.132084727
C 1.551368713 1.165335059 0.477818489
H 1.062549591 1.380814195 -1.566407561
