15

H 1.657093763 -0.272814959 -2.235048056
O -0.863674104 1.184968591 -0.533656418
H 2.407221079 -2.161028862 -0.713990033
C 0.981877923 -0.761807144 -0.246623546
C 0.012690655 0.975196779 -1.638427377
C -0.768343747 0.430696577 0.574797332
N 0.084301874 -0.509501636 0.778585315
H -1.678490996 1.841470957 1.889916062
H 1.721166134 -2.285515547 0.855812013
H -1.692409277 0.153933242 2.467075825
O -0.149173811 1.700780988 -2.585424185
C 0.965593457 -0.070678249 -1.429731846
H -2.795091867 0.689934194 1.171204329
N 1.915986300 -1.711023092 0.049998067
C -1.798747301 0.795387983 1.595512390
