15

H -0.808800936 1.522870898 -1.482304573
C -0.244949594 1.622480512 -0.555071414
H 2.257426739 -0.302913278 0.168277308
H -1.084149837 -3.375735521 -2.208113670
C 0.500435948 0.410317421 1.493168473
C -0.036431663 -0.748230040 0.172693416
C -0.699641168 0.650688827 0.527259052
O 0.158109516 -1.011124611 1.622591138
C -0.442908585 -1.768808722 -0.726589322
C 1.261290431 0.138049975 0.166643485
H 0.779598475 0.955204844 2.385015965
H -1.714192033 0.678077340 0.911508322
O 1.122105956 1.188347578 -0.747403920
C -0.781787038 -2.622482300 -1.510372281
H -0.266106486 2.663257122 -0.217302099
