19

C 1.688832760 -0.126683727 -0.312251121
H -2.364172697 0.156803384 0.337556034
H 2.342289209 -0.378832221 -1.153803945
O 0.329529345 0.722783267 1.824910522
H 2.280316114 0.281555861 0.494919449
C -0.284631759 1.132163286 0.522941530
H -1.130821466 -2.001969337 -0.479443222
H -1.433242440 0.174889773 2.853326321
C 0.572825730 0.825465858 -0.789784372
H -1.264259219 0.266071945 -1.940175533
H -0.612247288 2.169971466 0.639955699
C -0.334108740 -0.171593472 -1.566101909
C -1.309486508 -0.011875885 0.572424710
C -0.571049035 -1.084055543 -0.326780468
C -0.881130278 0.160974309 1.945177078
H 1.069547653 -1.895877361 0.949716210
H 0.186674476 -0.672909021 -2.378922939
H 0.897273839 1.707794785 -1.339574218
C 0.817860544 -1.254677296 0.145910472
