17

H 1.652519941 -0.536866963 1.079513907
H 1.323017120 -1.195297480 -1.392264128
H 2.517391920 0.079058446 -1.161263108
C 0.550325751 0.581325591 -0.423737317
H 0.764074028 1.648920894 -0.480291456
H 1.279208302 0.228551850 -2.424532890
O -1.173537850 0.838120401 -2.076466560
H 1.041543841 0.978590608 1.661143661
C -0.390186131 -0.579648554 1.687685132
H -0.235497639 -1.047913313 2.647543430
C -0.886457443 0.497820318 -0.949378848
C 1.478886962 -0.121170484 -1.417451262
C -1.598021030 -0.560297370 1.149477839
H -2.462061644 -0.982031405 1.616151571
H -2.782181263 0.020926097 -0.471759886
C 0.775679052 0.119434714 1.046442866
N -1.854704261 0.030476352 -0.090812534
