19

H 1.324968100 -2.333346605 0.104915269
C -0.263277322 0.301988840 -1.281609416
C 0.767578721 -1.395896077 0.125577614
H 1.259307384 -1.096173048 -1.976045966
O -0.622397900 -1.728032708 -0.046911471
C 0.931949794 -0.652130723 1.432386994
C -1.218723893 -0.490393668 -0.329420596
H -1.944595098 1.022221565 1.229361773
H 0.096176796 0.865616441 2.650619507
H 0.415255725 2.148231745 -0.168769702
C -1.036136746 0.659064174 0.735716760
H 1.780113459 -0.833400965 2.064146519
C -0.470637202 1.563568711 -0.415138930
H -2.241019726 -0.645465136 -0.665935338
C 1.065068841 -0.474813014 -1.098748088
H -1.249990821 2.237038374 -0.817836344
C 0.028145704 0.297367036 1.729233384
H -0.554927468 0.384322286 -2.327726841
H 1.933142066 0.170232564 -0.943814754
