13

N -1.995204568 -1.261484385 -2.208365679
C -0.170005664 0.280412525 -1.140172601
C 0.511466205 -0.249106646 0.114755049
H 2.680235863 -1.646125436 1.559167266
N -0.724609315 1.363355756 -0.282513708
N 1.458371997 -1.052978277 0.269914985
H 0.191376731 1.274650455 1.708985090
H -1.720905185 1.518530965 -0.398881376
H 0.507077754 0.625483155 -1.936000228
C -1.173899293 -0.610334635 -1.734949470
C -0.344296813 0.658716857 0.974619865
O 1.941742539 -1.037915587 1.588011742
H -1.161350369 0.136795536 1.485429049
