15

C -0.103316605 -1.541472316 -0.241601914
H -0.574795663 0.237362921 -2.263672113
O 0.776274145 -0.905185401 -1.163571596
C 0.858931839 1.060551882 1.547057509
H 1.614906669 1.374996424 2.268942595
H -0.980723739 -1.959012628 -0.772999644
C -0.463125020 0.854096353 -0.174464986
N 0.430197388 1.750510812 0.585815310
H -1.535384655 -0.635232329 1.162322521
H 0.418148935 -2.349220991 0.262606859
H 0.966947317 1.026311517 -1.833721399
C 0.190346107 0.351921529 -1.475889921
H -1.411700368 1.359487414 -0.359562665
C -0.567314804 -0.436332703 0.697647393
O 0.380608171 -0.188782379 1.761091709
