17

H 0.529353976 1.411404490 -0.943202555
H 1.746624112 -1.137527466 -0.183238626
O 2.340237617 0.658079922 1.911612034
H -1.204735756 0.575204968 -2.476111174
C 1.305063963 0.487992823 1.308433414
H -0.414870739 -1.436131716 1.776003599
H -0.922095358 -1.753594995 0.087186322
C -0.413834810 -1.054951787 0.749614477
C 0.938026369 -0.498406261 0.183646783
H -1.840071559 0.805246174 0.567563057
C 0.069697112 0.444645464 -0.738490045
N 0.094884984 1.150181532 1.468929052
C -0.497800350 -0.136273339 -2.023886442
H -1.018694878 -1.078428864 -1.882346272
H 0.301619798 -0.295225650 -2.757877588
H -0.195657030 1.418222070 2.399947882
C -0.817747772 0.439562678 0.552215457
