16

C -1.034661889 -0.455588311 -0.266115367
H 1.982109308 -0.366475374 0.768687367
N 0.249317914 1.646446347 0.282710642
C 1.461073399 -2.995667458 0.480342656
H -1.716562629 2.337788105 0.156616122
H 1.190366864 1.947192073 0.063595630
H -0.839038193 2.433437824 -1.383935809
H -0.471193314 3.555747986 -0.060069516
C -0.743949831 2.535254478 -0.286421329
H -1.319863200 -2.665424109 -0.418635756
H -1.979481816 -0.049122691 -0.586256683
C 0.062245011 0.277397871 0.121678904
N 2.170992851 -3.884913206 0.674516439
C -0.691849172 -1.823765635 -0.195851788
N 1.066930175 -0.599644601 0.415026188
C 0.613564909 -1.892663240 0.234112382
