14

C 0.662359595 -0.906009853 -0.519992828
C -0.855964899 -0.842541754 -0.334815174
H -1.369565845 -0.769256592 -1.295348644
H -1.280472398 -1.672687531 0.222282931
O 0.041590083 1.323081255 -0.082987048
N -0.861041844 0.238170385 3.013011456
H -1.964192748 1.012789965 0.170109019
N 2.171727419 1.002815247 -0.961943328
C -1.024866462 0.505189240 0.403702706
C 1.075862765 0.539211929 -0.555153847
C -0.924339831 0.368665218 1.870709538
H 2.211934328 2.014968634 -0.853892148
H 1.142134786 -1.388165355 0.338324368
H 0.974834919 -1.426230788 -1.414007068
