18

H -0.627934098 -2.005225420 0.835271180
C -2.488623857 -0.271792173 0.002812565
C 0.011664670 -0.156573758 -0.091651179
H 0.031438444 0.595426738 2.144412518
H 0.268626481 -2.227199316 -0.657195985
C 0.204356864 -1.625255942 0.250299007
C -1.332464576 0.129236758 -0.795373917
H -1.407531619 1.201390743 -1.011587739
O 0.351159066 2.117634773 0.654220879
C 1.504146338 1.290691614 0.470793813
C 0.309528351 0.760675371 1.101396203
H 1.088718891 1.087236643 -1.697865129
H 1.116526961 -1.770074248 0.829879880
N -3.386958838 -0.596351266 0.651034534
H -1.375449419 -0.400535882 -1.750655770
C 1.262134552 0.477735758 -0.803635597
H 2.035545588 -0.260711998 -1.021880984
H 2.435116529 1.653692007 0.889725924
