17

H -1.345252275 -4.438889503 0.377858013
C -0.102895148 -1.463365436 0.570776641
C 0.279520303 -0.147017300 0.241845295
H 0.037197623 2.913467407 -2.384428501
H -1.504733443 -3.950848341 2.072197199
C -0.397940606 0.744350612 -0.560489178
N 0.353019267 1.882798433 -0.587683499
H 2.213902473 2.379258394 0.347943246
C -0.824058235 -3.950725317 1.207063556
N 1.450845957 0.428961009 0.699447691
H -0.858384311 3.545416832 -0.984871626
C 0.081416175 3.099240780 -1.310395241
C -0.430756420 -2.586053133 0.858016849
H -1.333460450 0.663435161 -1.094895244
H 0.039111845 -4.551451206 1.464463949
H 0.888389766 3.805053949 -1.114175200
C 1.454077244 1.626368165 0.197326019
