16

C -0.702432275 1.638221860 0.350938648
H -0.978439331 -2.641226053 -1.368657231
N 0.704328537 -0.102423035 1.117374420
C -0.129445106 0.362488896 0.199992880
H 1.702780843 -1.004312158 -1.349198341
H 0.142204404 -2.381336927 0.079749569
C 0.699894965 -1.197597742 -1.724735975
H -1.285929203 -0.161249265 -1.572750449
N 0.898646295 0.628126621 2.278380156
C -0.236951917 -2.009429216 -0.874178529
H 0.528119504 2.396809101 3.265839100
C 0.327429533 1.812619805 2.364009142
N -0.495421410 2.372907639 1.445041180
H -1.345892906 2.068150759 -0.427134454
H 0.613804996 -1.267266750 -2.811364174
C -0.442697436 -0.514482915 -0.973304689
