20

C 1.326401711 -0.329527587 0.909917951
C -0.694350123 -1.032659888 1.290628791
H -1.582342029 1.645029664 -1.549225926
C 0.394108266 0.796863139 -2.131121159
C 0.637271881 -1.064324379 2.079781532
H 1.032713294 -2.043434381 2.351683617
H -1.608958125 -0.785115898 1.829515100
H 1.822593808 -1.010061026 0.224120855
H -1.688610435 0.331528842 -2.811463594
H -0.863447070 -1.962496042 0.728881896
C -1.115115166 0.782258034 -2.004041672
N -0.836318314 2.447812319 1.139103174
H 0.920627356 1.660779953 -1.738153815
C -0.504834533 1.393712640 0.783141911
H 2.003704309 0.497668236 1.147629023
H -0.298076391 -1.177892566 -1.410676122
C -0.089238323 0.062326171 0.349216163
C -0.290893406 -0.127193004 -1.150239825
H 0.841961145 0.361288816 -3.019306660
H 0.592802584 -0.446562678 2.980608225
