18

H -4.712977886 0.431382686 -1.009621739
C 1.040209889 -0.204649478 0.183921501
H -3.641214848 -0.989006519 -0.812395155
C 3.023220778 -1.193186283 -0.229187489
H 3.853785276 -1.774380922 -0.582562685
O 2.016101122 1.398690104 1.861336708
O -3.300307751 1.794271946 0.575187743
H 1.109629869 1.691474319 1.943941832
N 3.213168383 -0.219382912 0.723381162
C -3.683362961 0.076737545 -1.046612740
H 1.202690840 -1.869245052 -1.268416286
C -2.845194578 0.864903390 -0.062626988
C -0.317298234 0.155489698 0.124871455
C 2.032313824 0.389943957 0.977238834
C -1.472446203 0.465787172 0.049428340
H 4.070894241 -0.008563841 1.192312002
H -3.280550003 0.213050663 -2.051796913
C 1.691338420 -1.223317027 -0.568399489
