16

H 1.328091264 -1.800486684 -1.981455803
H 2.651525497 2.171776295 0.173178971
C -2.295774221 -0.677764297 0.617613018
C 1.082653522 0.846402407 0.139572531
C 1.636135578 -0.050708853 -0.791889787
H -0.998995006 -2.166922808 -1.191463590
N 1.822367072 1.888933897 0.642929077
C -3.414923906 -0.882314861 1.033766389
C 0.888520241 -1.123562455 -1.261271477
H -4.394514561 -1.045466423 1.400507569
C -0.237804919 0.629024982 0.584215045
C -0.411539376 -1.338353157 -0.821815133
H 1.345807791 2.593152046 1.172709942
H 2.648725271 0.114301562 -1.142713547
H -0.676560700 1.305704951 1.299226403
C -0.973712921 -0.463717222 0.126890138
