17

H 1.607654452 1.732467771 1.494835138
H 0.043099772 -1.709503174 -1.601613879
H -0.573760629 1.903416157 0.393455207
C 0.981084466 -0.361319870 1.477220654
C -0.316415787 -0.911329210 0.856875956
H -2.209213495 -1.151005387 -1.273238540
H 2.259462833 0.756771743 0.164199784
C 0.153819695 1.284617901 -0.146862373
H -1.143491149 -0.720649958 1.548284888
C 1.354238033 0.957829773 0.760781169
H -1.875494003 0.455492198 -2.077433109
H -0.262681127 -1.994516492 0.696613133
C -1.497500658 -0.352121502 -1.460465550
O 1.599867582 -0.869051993 2.382287979
N -0.080806702 -0.709058762 -1.712645054
C -0.458817959 -0.095478266 -0.433874518
H 0.418954462 1.783438802 -1.068420768
