14

H 1.625940561 -0.212018967 -0.238593504
H 0.376595467 -1.209648252 1.704050779
C -0.277783781 -0.098684028 -1.306504488
C 0.579777479 0.065765485 -0.042871021
O -1.648179770 -2.059272528 -1.867561817
C -0.985552192 -1.449297786 -1.064821124
H 0.658436120 2.277268648 -0.081776634
N -0.763404310 -1.842087030 0.220291182
H -1.035700202 0.680547893 -1.407911658
N 0.286668867 1.823293567 3.033128500
N -0.039900359 -0.927831769 0.831233978
C 0.383571953 1.641630173 1.900938869
C 0.531103492 1.413837671 0.549586833
H 0.308426708 -0.103502661 -2.229189634
