19

H 2.296914101 0.257872313 1.367378831
O -0.014292088 1.164981246 -0.960056782
H -0.966748834 -0.063916013 -2.248139143
H -2.186570883 0.335552752 0.483720601
C 1.566435933 0.160391331 0.597239435
H -0.525040209 0.962187171 2.109852314
C -0.298752010 1.611991644 1.313491583
C -0.001354246 -1.313326120 -0.631668091
C -0.701395094 -0.048227482 -1.188099980
H 1.310355306 2.235180140 0.204839140
H -0.933887184 2.462316751 1.149319887
H -2.675183058 -0.943331659 -0.665704429
C 0.688916385 1.315467238 0.291421026
C -1.819776535 -0.439134777 -0.206176087
C 1.433644056 -1.080666065 -0.165522918
H 2.081516266 -1.081374407 -1.055486321
H 1.763267159 -1.936547756 0.441541374
H -0.060799725 -2.196710110 -1.279855728
O -0.957249343 -1.402706146 0.441904843
