18

H -0.090478547 -1.020140409 2.118857145
C 1.502769709 -0.676996946 -0.688967764
H -1.409099579 0.800493240 -1.640162110
C -0.748762548 1.490368247 1.274005055
H 2.454721212 -0.536919951 -0.164092585
C -0.860302150 -0.769699574 -0.227674037
C -0.637607336 0.035248552 -1.509335041
H 1.679765701 -1.124444008 -1.682557225
H -1.622058392 3.302928209 2.332005501
C 0.617750466 0.576006591 -0.766395509
C 0.505608916 -1.474750876 0.181852743
C -0.172959834 0.360783100 0.622941196
H -0.480511516 -0.508055091 -2.452953339
H -1.799329638 -1.247143269 0.054622561
H 0.617186010 -2.548275471 0.284136325
N 0.584057748 -0.649268925 1.442450762
C -1.210939050 2.451267481 1.843664885
H 1.070189238 1.538599133 -1.022398233
