15

H 1.097053409 -1.139221549 1.630929351
H -1.391141057 0.938556075 -1.525734544
C -0.077729650 0.825662017 0.039335016
H 0.898009837 -2.489396095 0.508884013
H 1.416081667 -0.494410634 -0.774023831
C -0.856861591 -1.816927314 1.421312094
C 0.252968580 1.990310192 -0.817971647
C 0.400453091 -0.552808523 -0.351566523
C 0.457974106 -1.538170576 0.830757320
H -0.244261831 -0.968605757 -1.126375794
H 0.819874883 1.796486735 -1.730110288
N -1.130260348 1.506327510 -0.721122265
H -0.175349951 0.995182812 1.117000699
H 0.433213830 2.973048925 -0.379741609
N -1.900024891 -2.026033640 1.878427625
