20

C -0.486510634 0.351021677 -2.376170874
H 0.364676207 1.913411021 1.567042828
C 0.181633487 -0.912218153 0.996262968
H -2.114937782 -1.165717125 -2.180183172
H 1.668456912 1.551830173 0.452153891
C 0.577487886 1.597337961 0.540805459
H -1.874027371 0.860059500 -0.758821785
C -1.112072587 -0.900805116 -1.840709567
H 0.586619318 0.336329281 -2.541691780
H 0.687913716 -1.664240360 0.357759565
H -0.792465031 -1.362547636 1.242778659
C 0.985538960 -0.732152581 2.283196211
H 0.493901193 -0.037287984 2.967852354
H 0.247287899 2.391907930 -0.124509156
H 1.105450869 -1.685739517 2.801371574
C -0.053799372 0.313684583 0.203206137
H -1.030178785 0.957749248 -3.067118883
C -0.954769850 0.286369175 -0.927984238
H 1.992076039 -0.343394130 2.077622890
H -0.472280711 -1.755598664 -1.672862530
