15

H 1.598775387 0.006219514 -1.473758221
H -1.067252994 4.090920925 -0.251001120
C -0.484210342 1.917764544 -0.079607323
H -1.585269094 -2.521790743 0.334185839
C -0.142736584 -1.361501694 -0.828533471
C -0.103709064 0.556188703 0.033569895
H -0.323077172 -1.859089136 -1.776913285
C -0.797985494 -1.793597460 0.439149976
H -0.274960428 -1.826630712 1.387622833
N -1.187994719 -0.502698362 -0.167777210
H 1.872755289 0.942896485 0.861742496
H 1.174060702 -0.565381646 1.597442865
C 1.164581299 0.123731308 0.763842046
C 0.952947259 -0.285687566 -0.672014952
C -0.795924246 3.078655243 -0.167950451
