16

N 0.359764993 -0.180108055 0.312111408
H 2.035787821 -0.961643100 1.174942732
N -1.349560142 -1.591139555 -0.789068758
H 1.469544172 1.315292358 -0.674305022
H -0.979925156 -2.360965729 -0.283081174
C -1.345852375 0.755823076 -1.118736625
C 1.024666786 -1.248617172 0.832403898
C 1.043795466 1.106585622 0.326298445
H 1.879017234 1.032974243 1.036683798
H -1.236123204 -1.606718421 -1.768346667
O 0.611177504 -2.387011051 0.935606360
H -1.686465144 -0.181745797 0.702484488
H 0.670266330 2.971539021 0.710529864
N -1.639973283 1.528822541 -1.928816557
O 0.161660030 2.137668371 0.691796601
C -1.017780781 -0.330756634 -0.160502702
