14

C 0.668096244 -1.191423893 -1.129985571
O -1.040204883 2.568513870 2.477298975
H 1.731666923 -1.257436514 -1.325664163
C 0.347606808 -1.185860634 0.407294214
O 0.234609514 1.260368586 1.153742075
C -0.973882556 1.745238185 1.633503556
H -0.592709482 -1.685807109 0.642841458
H 0.741761863 1.023730278 -1.746780992
H 1.103532434 -1.529926538 1.105529070
H 0.137765139 -1.926606536 -1.729908347
H -1.822372198 1.270546675 1.100258946
C 0.199475214 0.280368060 0.249467060
C 0.140423656 0.281838685 -1.218194127
H -0.875768602 0.346456915 -1.619402528
