19

H -1.573014855 -0.258837551 2.487179756
C -1.444424629 0.629651070 1.864724636
H 0.638737619 -2.629948616 -2.788120508
H 0.907067657 -2.066907644 -0.416605562
H -1.898186684 1.473103523 2.364633322
H -0.059292540 0.717743397 -1.757206202
O 0.112783030 -2.018952131 -2.316855669
H 1.777831078 0.168965489 0.571744084
H 1.221106768 2.402696848 0.943467438
N -1.095113158 0.208260998 -1.301651955
C 0.865217626 -1.404954791 -1.279451966
H 0.634398043 0.828047037 2.514526844
H -1.425186753 -0.468973160 -1.953387141
C 0.760391831 0.492720634 0.378333688
C 0.207979441 -0.095134407 -0.899437189
C 0.024110794 0.868391991 1.615702987
H -1.959899187 0.464732349 0.920915663
N 0.417200297 1.895070791 0.642708957
H 1.888292551 -1.205675721 -1.591221571
