17

N 1.534162045 0.814719737 0.180639580
H 0.202598020 2.417767763 -0.603738606
H -2.620584011 -0.624440312 -2.716451406
C -0.056534480 -0.876860619 0.059948154
N -1.484628320 0.403680980 -1.649260283
C -0.598412275 0.303980559 -0.746021569
H 1.765246749 -0.750560224 -1.208596587
H 2.101049900 -1.204963803 0.473775953
H -1.254854918 -0.177488521 1.790310740
C 0.221093565 1.416536212 -0.216332346
C 1.449026585 -0.612444818 -0.181269348
H 0.693363965 1.757435560 1.974763274
C 0.486315638 1.024213910 1.204933047
H 0.314986646 -0.890060127 2.251645088
H -0.478186578 -1.854616404 -0.150568098
C -0.210303783 -0.303120166 1.494584203
O -2.064338207 -0.843779743 -1.958361983
