18

C -0.822620869 -0.382679969 0.839457989
H -0.112263724 -0.908971071 -2.523318052
C -0.152187392 -0.409650922 -1.562011123
H 1.881125093 0.779668629 -0.002947007
C -0.001895970 0.866834879 1.059853911
H 1.206562519 -0.919260263 1.615934730
N -1.246947169 -3.564688206 -0.561384678
H 1.040095329 1.221588016 -2.252805233
H -0.511297464 1.667397857 1.602407455
H 1.148280978 2.381193399 0.006357449
C 0.304636896 1.008831501 -1.466443777
C -0.619146705 -1.073598981 -0.475596666
H -1.839710593 -0.417328984 1.215900064
C -0.961453080 -2.446100950 -0.532964289
C 0.298357040 -0.379658878 1.860416770
H -0.554008305 1.683081031 -1.658559084
H 0.023918552 -0.414599001 2.913882732
C 0.918554962 1.307942033 -0.078180850
