16

C -1.447307348 -0.301883936 -0.477292567
H -1.710766077 0.048175327 -1.458967924
H 0.657157660 0.604421675 2.167484999
H -0.422387898 -2.089073420 -0.687415481
H 2.910879135 -0.666209400 -1.199864745
H -2.310047865 -0.664674997 0.083090216
H -0.078575902 1.837985992 -1.485912204
N 1.274478078 -1.241997719 -0.162607074
H -0.838360369 -0.302218258 2.303843498
C 0.333496928 1.164549828 -0.731018126
C -0.138307825 -1.079064250 -0.299148619
N 1.439284205 0.814626038 -1.292462826
C 1.906237483 -0.410558313 -0.901028037
C -0.352713585 0.531023204 1.790910482
C -0.344988436 0.318145633 0.300145268
H -0.878077984 1.436753035 2.050242901
