17

C -2.472436666 -0.177604169 -1.010098338
C 0.983497500 0.491634250 0.715625823
H 0.611576915 1.158319235 1.503863454
H 3.208324671 -0.028225882 -0.206593901
H 1.473476291 1.118393660 -0.032664556
H -1.720306635 1.140984058 0.531412125
H -0.954194367 1.358405590 -1.038497806
O 1.924261928 -0.382530123 1.339940906
H -3.280985117 0.500559628 -1.303306580
H 0.218873724 -0.877951682 -0.758603811
C 3.107202291 -0.604480267 0.740658402
C -0.172696307 -0.299545616 0.091554694
O 3.936445236 -1.334119439 1.181931496
H -2.127667904 -0.696006000 -1.912398815
H -2.890337706 -0.925658703 -0.331375450
H -0.514580786 -1.038908362 0.827362180
C -1.330453396 0.596733630 -0.338810056
