18

H 1.734661698 0.980921388 -0.068372138
C 0.940664828 1.035311460 -0.818883896
H -0.344803452 -3.114765167 0.473239869
H 0.708874166 -2.325778723 1.627088785
C -1.020449519 -1.135428309 1.099137664
C -1.055141449 1.344687819 0.497133166
C -0.097206354 2.112239838 -0.385177553
H -1.722969413 -1.285747051 1.912552118
H 0.350196332 2.957742691 0.134465292
H -1.728048921 1.821205497 1.192023158
H -0.391481668 -0.397863537 -1.757668376
C 0.070325471 -2.140933990 0.752181888
H 1.707205892 -1.859134793 -0.781466007
H 1.400341511 1.256061912 -1.788126469
C 0.129874930 -0.276283354 -0.805098057
C 0.793722510 -1.489195466 -0.362150967
C -0.865974665 -0.012507914 0.342213094
H -0.609791636 2.529468060 -1.263091683
