15

H -2.453966141 -0.409113884 1.109931946
H 2.549083948 0.418684810 -1.114075065
C -1.803297997 0.356165677 -0.988998652
H -0.111592636 0.893002152 -2.445615053
C -0.325575531 -0.242364451 0.684613168
C -1.640380144 -0.154400095 0.435935915
H 2.082808018 -1.017280102 2.763983488
H -2.387918711 1.300470591 -1.019060612
C 1.687171221 -0.667201638 1.811751485
O 0.340644091 -0.663270891 1.806213617
N 2.449565411 -0.301709026 0.840188205
H -2.359242201 -0.350463092 -1.630401254
C -0.393907607 0.531127930 -1.464011669
C 1.879444361 0.125780284 -0.317718744
C 0.487165004 0.180571496 -0.472736508
