17

H 2.753594637 0.795173764 0.703337491
H 0.220631257 0.933226645 1.802952409
H -2.222752571 -0.197236538 -1.607684493
H 0.371569812 -0.431667477 -2.299192667
C -1.488453865 0.250757456 0.489212722
O 1.852357745 -1.014964700 0.022976322
H -2.283484697 0.858940303 0.912939906
C 2.306930065 0.326551527 -0.164277107
H -1.334156871 -1.029581428 2.315124512
C -1.380286098 0.165558428 -1.010661960
H -0.766510785 -1.848428369 0.785943151
C -0.066134810 0.259124994 1.004654169
C -0.965936899 -0.912457526 1.297809005
C 0.861419797 0.020122726 -0.150647432
C 0.024459099 0.049509577 -1.401931882
O -0.693878174 1.277053237 -1.588243365
H 2.810632706 0.498317122 -1.112310529
