20

H -0.146481678 1.819990039 2.035735369
C 0.728068829 0.875108838 0.175118312
C 1.027968764 -0.075218864 1.273769975
H 1.319189191 1.782981873 0.072974555
H 0.572383463 1.635038018 -2.578891039
H -0.137361079 0.121932141 -3.170284748
H -1.062183380 1.169651985 -2.083144665
H 1.509060025 -0.341518044 -1.362390757
C -0.053288307 -1.181883693 0.963178515
C 0.511023641 0.052215934 -1.094751596
H 1.968418002 -0.187809184 1.823890567
H -2.099601269 -0.241008684 1.318849325
H -1.117392898 -0.516721785 2.770551443
C -1.079166174 -0.277938038 1.703491807
C -0.055556536 0.788088500 -2.298446894
H -0.122706331 -2.066157818 -1.075385690
C -0.122487225 0.890533090 1.479011536
C -0.345942736 -1.128613591 -0.562230706
H 0.108388036 -2.191117525 1.347293615
H -1.402332425 -0.927553415 -0.738338768
