15

H -1.116444468 2.239596844 1.610992908
N -1.115157485 -1.539254189 0.535832226
C -0.222652689 0.710612535 0.389410764
H 1.432084203 0.978209257 -0.949563146
H -0.505605817 2.815979242 0.057790350
H -0.217322856 -2.876846313 -0.619146228
H -1.896869779 -0.016514860 1.615441918
C -1.127470613 -0.288871020 0.888760149
C 0.773626149 -1.070780635 -0.981057465
N -0.195053041 -1.891739607 -0.370755821
N 1.636354089 -1.464465737 -1.844904184
C -0.323935539 2.125709295 0.870843112
H 1.552132487 -2.463204861 -2.034708023
C 0.708189368 0.299562484 -0.527623475
H 0.618125737 2.442007542 1.358687043
