19

H -2.203229189 -0.272896230 -1.523298860
H -1.608350873 2.167202950 -0.912683725
H 2.515579224 -0.940497041 0.597330868
C -0.819197297 -0.048753820 1.419563890
C -1.191963196 1.245025635 -0.530675054
H -1.420563698 -0.804240108 0.908818662
C 0.630073249 -0.467819780 1.566774011
H -0.971585929 0.512922645 -2.496416807
H 1.182341576 1.422265053 -0.750348687
H -1.250690222 0.113921054 2.415285110
H 0.627765834 -1.483405232 1.970313072
O -0.310153872 -0.970697403 -1.243035078
C 1.060616136 -0.708095312 -1.032615662
C 1.563456893 -0.469650865 0.352561057
O -1.004828453 1.245070577 0.754041612
H 1.642385006 -1.342653513 -1.701768875
N 1.629164934 0.533579886 -0.648662508
C -1.179314494 0.122835167 -1.482714534
H 1.108494520 0.145886391 2.337532043
