16

H -3.085944414 -1.423463702 -1.240532875
C 0.208188817 -1.247764349 -0.958205819
H 2.986433029 0.311874807 -0.116832271
H -0.310814261 2.534131289 1.013743639
H -2.040359259 -2.531874895 -1.941359162
C 1.978445888 0.542149842 0.208242118
O -1.480580330 -0.114334702 0.043433428
C -1.135962725 -1.158876181 -0.770368159
C -0.297802091 0.449651867 0.401632130
C 0.115655690 1.566244841 1.299694657
H 0.723833501 -2.012898207 -1.528520823
C 0.764647067 -0.152053133 -0.199822947
N -2.211160898 -1.925996542 -1.163740516
C 1.632612228 1.536132455 1.063774943
H -0.152489990 1.395547390 2.354720592
H 2.305297852 2.231529713 1.534140944
