18

H -2.262914419 -0.920831323 1.126812935
C -0.726692080 1.139190555 -0.844466209
C 1.782209158 -1.230541945 1.463463306
C 0.684924006 0.209804222 -0.070354074
H -2.488065720 -1.208116770 -0.581318498
C 0.242861286 1.669856787 0.245066300
H -1.553308487 1.668115735 -1.293804765
H 1.210756540 1.199026704 -2.014769793
H 0.747190416 -1.405754685 1.777920246
H -1.294715047 -2.145878077 0.315295368
O 1.846717119 -0.396441936 0.418435097
C 0.500143111 0.500502765 -1.592592835
H 0.936388850 2.448935747 -0.053978205
C -1.734618187 -1.151737094 0.206430003
H 0.298368692 -0.356459707 -2.221396446
C -0.750811517 -0.145102948 -0.077364035
O 2.744221449 -1.719055891 1.962215662
H -0.182654560 1.844487309 1.234405637
