15

N 2.023162842 -3.273900509 0.063895531
C -0.588446021 0.799476027 -0.202644810
H 1.653332591 -0.454431623 1.372338653
O 0.495700717 -0.601120114 -1.525227427
C -0.204709932 0.314342171 -2.238387346
H -0.837627172 2.576958179 0.947135866
C 0.243048072 -0.263268471 -0.214087754
H -0.141868398 0.237307504 -3.303123236
H 0.145635054 -1.321872830 1.630511403
H -2.267796993 1.548816204 0.890563428
C -1.171031117 1.536791801 0.946033418
C 1.525014281 -2.292187452 0.394208044
C 0.891989708 -1.056416750 0.865618765
N -0.879834592 1.154066682 -1.527364612
H -0.886569381 1.095439196 1.900530338
