16

H 1.047139406 -0.110284775 -2.273982763
H -0.482248038 1.633820891 1.204350114
H 2.154418945 -1.358706594 1.086853743
N -1.033900142 0.149819136 -1.539037466
H -2.502177238 -0.143005803 0.076170348
C -0.332951754 1.425111413 -1.157891035
C -0.455264896 1.012842894 0.313560784
C 0.459206760 0.216667399 -1.426657438
H -0.487253904 2.366855860 -1.681787372
O 0.127886355 -1.173730850 1.756283522
C 0.650141776 -0.104398638 0.065166228
H -0.484541088 -2.168315172 -0.011914223
C -0.405090690 -1.160396218 0.394309908
H 1.789840102 0.127407193 1.990921974
C -1.431710601 -0.110482655 -0.078453138
C 1.386504889 -0.603204131 1.282106400
