19

C -0.466059417 1.891152620 -0.876448870
H 1.605143428 1.928331614 -0.188310832
H 1.128731728 1.255445480 2.183275223
H 1.938466668 -0.330543846 0.478595883
C 0.666681051 1.401656985 -0.015547115
C -1.321041226 -1.224756360 -0.054259527
N 0.131755427 -1.181106210 -0.045700315
H 1.891544461 -2.179573298 -0.450833708
C 0.433570623 0.968099475 1.403870463
C 0.895303845 -0.058826592 0.385846108
H -0.305814594 1.656355143 -1.932481050
H -1.433279395 1.477914333 -0.581451476
H -0.556379437 2.979662418 -0.788520694
O 0.288155496 -3.399675131 -0.681319416
H -1.624230981 -2.273331881 -0.177623332
C 0.797926188 -2.335688114 -0.414658457
H -1.751281142 -0.647775173 -0.871773362
H -0.603015304 0.920154750 1.735892296
H -1.716177940 -0.847496271 0.891448319
