15

O 2.691294432 -0.094846711 1.840116620
C 2.153563738 0.900987804 1.414484859
H -0.866180420 1.802169204 -1.554568410
N -1.462222815 0.995407581 -1.378146529
N 0.483035147 -1.396350622 0.570524573
H -2.333653927 1.333769798 -0.968510985
N -1.278468728 -1.330490470 -0.777326882
H -2.046631336 -1.608366132 -1.345879197
H -0.574806631 -3.176120281 0.036836948
C -0.844974399 -0.011861389 -0.650892794
H 2.537976980 1.925868511 1.622985482
H 0.703286946 1.891511679 0.379092246
C 0.250353336 -0.101036623 0.203358784
C -0.441941530 -2.098066807 -0.032882597
N 1.029369354 0.967424631 0.640808046
