19

H 1.868959546 -1.003091812 -0.040002793
H -1.469900489 0.825691938 -0.607960165
C -0.676856697 0.232378021 -0.162650779
C 0.676176429 0.881800950 -0.363233268
H -1.829522371 -1.622834206 -0.564932704
H -4.355530739 0.308933228 2.596094847
H -0.223745868 -0.560403705 1.874043345
H -0.071654819 -1.914202452 -0.218485996
C -2.310711145 -0.160364166 1.738733530
C -3.398219347 0.084791049 2.187525034
O 0.933134973 1.164443254 -1.761230469
C -0.917772889 -1.243881106 -0.126801372
C 1.981747866 0.057712846 -0.236830205
H 2.175335884 -0.411601603 -2.435638905
C 2.172829628 0.426880717 -1.733528852
H 2.733409643 0.472242802 0.441527933
C -1.035227776 -0.436944216 1.157321453
H 3.027963638 1.079051852 -1.956272721
H 0.719584525 1.819396496 0.212322533
