17

H -2.084810972 -1.767436385 -1.450114489
H 0.660790205 0.062312007 1.945152283
C 0.042368393 0.118487298 0.019262724
C 0.095558517 0.560363054 -1.346921325
H 2.509759426 1.372166038 0.280971199
N -1.389013886 -1.099605680 -1.187598825
H 1.253224850 2.578211784 0.585052431
H -1.758361459 -2.537898540 0.942710221
H -1.044330239 -0.206508234 -3.112664938
C -0.876011491 -0.923061907 0.064041913
H -0.600487709 -1.798150420 1.866754174
H 0.699442625 1.354330182 -1.738534689
C 1.710991263 1.659532189 0.968668759
H 2.157655001 1.881018400 1.943792820
N -1.305460811 -1.663338065 1.172966599
C -0.790077925 -0.209293187 -2.074637175
N 0.718764305 0.618871927 1.121099353
