18

H -0.498634845 1.688302040 -0.408943474
H -2.295694828 -0.554283381 0.982865989
N 2.580564737 -1.189760804 -1.885831475
H 1.994249463 0.570338786 1.222835660
O -0.430836499 -1.528544307 0.668171406
C -1.713386893 -1.071020842 0.234365687
C 1.442747355 -1.026750088 -1.779103518
C -0.008035791 -0.848122239 -1.669579864
H -0.322577357 2.157729149 2.070449591
C 0.022451632 1.210963845 1.686480045
H 1.704255342 2.154838800 0.477734327
C 1.259728789 1.227475286 0.823579013
C -0.467605472 -0.457391053 -0.265796602
H -0.493336290 -1.783471227 -1.956364870
H -2.271318913 -1.757096410 -0.394859552
H -0.321382016 -0.078648992 -2.382093430
H -0.102149650 0.375566870 2.362985611
C -0.079038605 0.909874141 0.213104665
