19

H -1.811939597 -1.024006486 -1.566318989
H 2.283892870 -0.603955328 1.358437419
O -2.238592148 0.790402591 -0.515926480
C 0.719806314 -1.709528446 0.124345906
H -1.387784719 0.604440928 1.718464732
H -0.126145586 -0.509362996 2.452692509
C -0.472942978 -0.741202712 0.237668425
H 0.998483002 1.794383049 -1.107870579
C 0.148377120 1.595430017 -0.439954370
C -0.500507951 -0.009744647 1.556155801
H 2.377567291 -0.271419644 -0.384501129
C 0.478843212 0.454746962 0.518049836
H -1.215501785 1.479459167 -2.265915155
C -1.049546480 1.085163474 -1.263958931
H 0.742962241 -2.551376104 0.831590414
H 0.849113882 -2.095345497 -0.892387807
H -0.107923545 2.532911301 0.068807036
C -1.377931595 -0.314697862 -0.869279563
C 1.689770937 -0.506297827 0.439900160
