15

H -0.788607478 -1.011350036 1.877270699
H -0.408895224 1.965130448 -0.268241644
C -0.311214417 -0.794138134 -0.184036389
C -0.792298079 -2.149070740 -0.828564525
H -0.206261516 0.497839600 -1.920653701
H 1.377460718 -0.000119167 -1.334199071
C -0.358800292 -0.422272086 1.079262495
C 0.352911502 0.228260040 -1.035135031
O -0.479844451 -2.199059010 -2.031667471
H 1.242122650 2.033587217 -0.222579792
O -1.395183444 -2.887029886 -0.055453468
H -0.275110900 1.594968438 1.929758906
C 0.301680714 0.893349826 1.335442901
H 1.303681612 0.818957686 1.745522261
N 0.438358486 1.430945873 -0.086726412
