14

C 0.850159228 0.636481166 -0.038909618
N -3.836795568 2.719971180 -0.707425952
H 1.660836577 1.354336619 -0.002976381
H 1.969026208 -0.623260379 1.529437542
C -0.449255645 1.210027456 -0.198557615
H 2.039333344 -0.735263288 -1.467546463
H -0.911222339 -1.401513338 1.023539186
C 0.066859737 -1.654407859 0.625884533
H 0.366579443 -2.658265591 0.918897212
O 0.128409088 -1.536843896 -0.837861478
C -1.539358258 1.710771799 -0.350930482
C 1.236206770 -0.660884082 -0.730023086
C 1.193961024 -0.625372231 0.771362543
C -2.774739265 2.264222383 -0.534889936
