16

C -2.723191023 -1.131332517 -0.908157647
O -1.475438476 -1.690098882 1.097959638
H 0.282898545 0.314016640 1.415027499
H -3.494431496 -1.796726465 -0.496643394
C 1.559161663 0.735228539 -0.310899347
H -2.367230415 -1.529921412 -1.871418476
O 1.676440239 0.685213625 -1.512201071
H 2.850808620 1.005562663 1.409724951
H 3.255123854 2.011249304 -0.024487205
C -1.569918871 -1.063511968 0.063499302
H -3.124561548 -0.131176025 -1.087673426
H 1.838791370 2.403702736 1.017155290
C 0.531832695 -0.103699163 0.420502901
H 0.957911611 -1.103019476 0.604172230
C 2.436626911 1.592759371 0.566687107
O -0.634823799 -0.198247179 -0.383248210
