20

H -0.537881792 -1.962778926 -1.113072753
C 1.481282473 0.442942977 1.869329572
H 2.196021795 0.952461302 1.206670284
C -0.502982318 -0.143620461 0.005795351
H 0.565566480 -1.134119153 -3.166998386
C 0.073949113 -1.047780156 -1.051991820
H -1.923054338 -0.393702149 1.776979566
C 0.104975119 0.441020280 1.278934002
H -0.574846148 -1.625594616 1.625964403
C -0.944991469 -0.626774311 1.385466099
H 0.824682593 0.460991889 -2.447702885
C 0.159339979 -0.416313261 -2.436060190
C -1.100470424 1.251799941 -0.167930126
H 1.075085044 -1.372862101 -0.729330003
H 1.477116585 0.968430817 2.827852488
O -0.535214543 1.707674503 1.089701414
H -2.198340416 1.336054921 -0.194224834
H -0.662736773 1.831939101 -0.997315407
H -0.810096383 -0.096113652 -2.803652525
H 1.832595706 -0.573656738 2.041586161
