15

H -1.562303305 1.054731011 -1.510674000
H -1.623284936 -0.059488393 1.152484894
C 0.391720653 -1.444869041 0.251745462
C -0.322030544 1.342867494 0.387079746
H 0.382061750 -2.520865679 0.333094090
N -1.663649440 0.813674927 0.654271781
H -0.433658659 -1.241259456 -1.831874013
H -0.214395508 2.418656349 0.394198775
H 1.733385682 0.950752854 1.212072849
C 0.898972213 0.461058378 0.713440955
H 2.100748777 -0.540935636 -1.111336946
C -0.252440751 -0.674363256 -0.927990973
O 0.424736202 -0.702873886 1.474680901
C 1.194669008 -0.448648721 -0.518705368
C -1.054530740 0.591563404 -0.672488213
