15

N 1.031463385 -0.402281404 -0.560562551
C 0.288059205 -0.801530600 0.706197441
O -1.730743766 0.573214710 0.459910184
H -2.525476694 0.685998142 -0.063987181
C -0.250949383 -0.448457509 -1.324939728
O 1.135789394 0.714883745 2.532813072
H 0.631717682 1.746446967 -0.356564969
C 0.895519912 0.426062703 1.401045203
H -0.453519434 0.448931903 -1.928479433
H 0.457146376 -1.792801738 1.131263852
H -0.301932514 -1.342075229 -1.955805421
H 2.336580276 1.289704561 -0.079567567
C -1.071094155 -0.593839645 -0.005497233
C 1.297690153 0.956549287 0.017699119
H -1.740250468 -1.460805774 0.026475212
