18

C -1.036922455 -1.471703053 0.069682777
C -0.835190892 -0.848680437 -1.333335042
H 1.159045219 0.141133919 -1.754868984
C 2.676146984 1.013718009 1.561901331
H -1.464492798 0.202793702 1.435045600
H -1.750619769 -0.378439695 -1.706287861
C 1.647911191 0.780437768 0.998952925
H -0.384575635 -2.340946913 0.170745835
H 0.484132051 2.375408411 -0.818315744
H -1.209202647 1.762618423 -0.546936393
C 0.398886293 0.494108468 0.355646104
H -0.157376096 -0.846516907 1.982131720
C 0.265975356 0.192624912 -1.135213971
H -2.065195084 -1.828692198 0.235464260
C -0.155420795 1.526013017 -0.609178543
C -0.617508531 -0.401515990 1.094977856
H -0.546964407 -1.604141831 -2.062371731
H 3.591371536 1.231780529 2.061959982
