16

H -1.734670639 -0.809536457 -0.364475787
C 1.746938467 0.657880306 -0.890904605
H 0.095270008 1.927150011 -1.721828580
H -1.776607275 -0.191330701 1.286728144
N 0.163794711 -0.686438799 0.503781199
C 0.556509912 0.607178390 0.023319736
C 0.361459851 0.907135785 -1.446291804
C -1.546110511 -2.261245728 1.141870022
N -1.745182037 -3.317495108 1.571187854
H -0.482077867 1.944010496 0.962157190
H 0.629619360 -0.896540940 1.380455256
H -0.083805770 0.133368507 -2.063358307
H 2.222441435 -0.287287802 -1.150040150
C -1.263613939 -0.906992257 0.624863386
O 0.446441025 1.671006918 0.926036716
H 2.409593344 1.509136677 -0.783499956
