21

N -0.011204103 0.144124568 -1.690683603
H -1.495950937 0.065332703 0.698665857
C 0.373759717 -1.957193375 -1.259193540
H -0.902081370 0.944371879 3.077038050
C 0.533905327 -0.474325895 -2.772425652
C -0.574258864 -0.534830809 0.707451820
H -0.846774340 -1.489954233 1.160920262
C -0.456234872 1.522435904 -1.659976363
H 0.429642349 -2.932477713 -0.797726631
H -1.510352373 1.588026285 -1.370323777
H 1.409233332 -0.411117852 1.557578564
C 0.023367798 0.363757133 3.021836281
H -0.338793963 1.950588584 -2.648935318
C -0.108145207 -0.804153860 -0.685555935
H 0.744404495 0.059873018 -3.684330702
H 0.734107971 1.147434831 1.140535831
H -0.175250068 -0.604639471 3.500320911
H 0.138035387 2.120581865 -0.952793956
C 0.481414109 0.170497030 1.580300212
H 0.779454529 0.881615579 3.621409178
N 0.771720886 -1.749946833 -2.544110775
