17

H 0.908693910 1.446477175 -0.676394761
N 0.425040424 1.255085707 1.470554709
C 0.357812375 0.872790456 0.042563859
C -0.955245554 0.332694530 -0.390136838
H -1.951713324 -0.409477562 -3.353379965
H -2.420511961 -1.281904578 -1.875147223
H -2.948753357 0.385009944 -2.110796928
C 1.030406237 0.058306053 1.038326502
H 0.467854768 -1.477937818 2.160737514
C 2.261626482 -0.576603949 1.399167538
C -2.150645733 -0.328271478 -2.299497128
O -0.933570385 0.130909711 -1.716085792
H 2.681350470 -0.327162176 2.371047497
H 2.986595154 -0.825839520 0.644939601
O -1.889902949 0.094077028 0.317481518
H 1.122613668 1.969682336 1.643093705
N 1.008349657 -1.317835450 1.333526850
