18

H 2.570040941 0.661047697 0.056913510
C 1.964000821 1.458463788 -0.354469508
H 0.270331532 -0.860617936 2.280666113
C -0.612653494 -0.709087670 0.594815135
H 0.812169850 -0.296553344 -2.432322264
H 2.417898417 1.794344783 -1.297304630
H 1.971134186 2.297971487 0.337963223
H -2.332664967 -0.204786614 1.797799230
C -0.210734352 -1.220234990 -0.766793847
C -2.117125273 -0.645714819 0.815214276
C 0.538905740 0.983604431 -0.587042034
H -0.427723885 -2.216325998 -1.093236923
O -0.071016721 0.610184073 0.651424944
H -2.527507305 -1.659370780 0.798221409
C 0.408256710 -0.257775724 -1.432612181
H -2.598366261 -0.047624759 0.043787811
O -0.014630217 -1.495988607 1.600409508
H -0.040316265 1.808464885 -1.013434052
