15

H -0.026787812 -0.706660151 2.148837805
O 0.751258254 -2.781566143 0.089808531
H 0.223185956 2.052580357 0.897916615
N 0.044953525 -1.847121239 -0.658538699
C 0.032807935 1.260898948 -1.642099619
H 1.446484804 -0.073185086 1.407009482
O -0.456579566 1.626324534 -2.666140556
H -1.764672637 0.488000482 -0.802902460
H 1.126016617 1.419361591 -1.421442866
H -1.282462358 1.329630733 1.500081062
C -0.384824008 1.146474481 0.900991499
C 0.363741755 -0.171331212 1.288061380
H 0.689813435 -3.575662136 -0.458353072
C -0.048104212 -0.733736813 -0.056187142
C -0.714831591 0.565991402 -0.527041614
