16

C -1.409939647 -0.168825880 -1.644374251
C 0.768293440 0.390011013 -0.160891876
C -1.439695001 0.206739098 0.902309716
C -0.667083085 0.066331238 -0.411761492
H -2.508769035 0.037875041 0.765609145
H 1.133035541 -0.142575398 1.982823372
H -1.179011703 1.028043985 1.572369099
C 0.901475430 -0.584002674 1.007182360
O -2.519135714 -0.651119530 -1.693799138
H 3.288427591 1.752404571 -0.890350580
O 2.844741583 1.112306714 -0.317616284
H -0.950792134 -1.980361223 0.720419526
H -0.857157767 0.125620157 -2.573231697
C -0.565586209 -0.969158232 0.784197092
H 1.624603152 -1.365865707 0.793792546
N 1.536593914 1.142576814 -0.836677551
