16

C -1.019180775 2.286590099 -1.926894307
H -1.468451262 -0.594428480 -1.453037977
C 0.681921303 0.657344699 0.706998765
H -0.071245298 -2.463356972 0.065374762
C -0.544318855 1.334892750 -0.997697294
H 0.782757163 -1.455608249 2.703527451
H 0.905386329 -3.105618954 2.079921007
C 0.008675679 -0.450208724 0.249802276
C -1.439298511 3.085272551 -2.720696688
N 0.025699332 -1.742431521 0.771380067
H -1.819063902 3.783884287 -3.429873466
H 2.034255981 -1.857645750 1.518649817
H 1.374538183 0.834311187 1.512099385
C 0.986680984 -2.052329063 1.810440540
C -0.787885368 -0.004913653 -0.845288873
O 0.349529296 1.744246125 -0.044705037
