19

H -1.933071017 -1.178985000 -1.042757988
H 0.671172500 -0.978456259 1.947546363
C 0.894596875 -0.919683337 0.881519437
C 0.328844905 0.271733254 -1.278546572
H 1.514200687 1.788018584 0.724800646
H -3.036947966 -0.921121061 0.319572717
H -0.371157140 1.002996922 -1.715373516
H 0.670743108 -1.881002188 0.419461101
H 0.265792757 1.510090351 1.976730347
O 1.680813789 0.602978170 -1.520690322
H 0.094034240 -0.719851017 -1.718287468
H 1.761512637 0.888493121 -2.442601681
C 0.091469198 0.225022644 0.242443964
O -1.319986820 0.107362732 0.494706094
H 1.967237711 -0.724042833 0.758815587
C -1.984111428 -1.047127962 0.050515186
C 0.463838249 1.557034850 0.900283813
H -0.149247184 2.369526625 0.477907151
H -1.609734416 -1.952987075 0.523954928
