15

C -1.623986602 -1.488445640 0.853442371
H -1.644497514 1.373222709 -0.633892179
N -2.390734196 -2.281290293 1.176795125
C 2.277270794 -0.676245928 -1.732251644
H 3.281518459 -0.806322694 -2.041974783
H -0.951216102 -0.791337788 -1.690577030
C -0.766094983 0.841340959 -0.270131171
C -0.682755172 -0.493613303 0.451726764
C -0.225299820 -0.377516627 -0.993592262
H 0.052444071 -0.008273486 2.317320108
C 0.229191124 1.374377847 0.763049185
C 1.146401763 -0.539777696 -1.377453685
H -0.242501199 2.092967272 1.436979175
N 0.377714217 0.006205230 1.364264727
H 1.162545204 1.774709582 0.376295120
