16

H 2.485275269 0.876333535 -0.421848804
H -0.380757302 1.688086033 -0.967577457
C -1.134502649 0.385357291 1.866343737
N 1.093739867 -0.534331083 0.490098089
H -1.807340622 -1.297691226 0.894504666
N -0.953185022 0.909747541 2.887829304
C -1.423302054 -0.309092820 0.625876546
C -0.172514528 -0.467993975 -0.293552101
H 1.700383902 -1.255797029 0.132733032
H 1.404532433 1.557429790 0.814658403
C 1.482536554 0.822416544 0.007262876
C -0.408835709 -1.592889190 -1.188205957
N -0.595548570 -2.493807316 -1.881017685
C 0.311634928 0.844028175 -0.999001265
H 0.612097204 0.666142642 -2.040798187
H -2.214213610 0.202061012 0.072695047
