14

H -1.141773224 2.445937872 1.490448117
H 0.451081544 2.700187683 0.697616160
N 0.396363914 0.372605890 -0.629552126
H 1.655872464 -0.820338607 -2.448961735
C -0.357384920 0.744413555 0.442851663
N -0.912382960 -0.051026225 1.320415854
C -0.531009316 2.223028660 0.604967892
C -0.742581606 -1.399091840 1.188931704
H 1.355426908 -2.421721220 -1.856699705
H -1.003475070 2.643682718 -0.287688434
O 0.082280822 -1.835968971 0.073413529
N 1.330858111 -1.423973203 -1.725531340
O -1.169296384 -2.266586542 1.864957452
C 0.586019695 -0.911149383 -0.735169113
