15

H -1.716138482 0.315825671 -1.486984730
N 0.178429276 1.143014550 -0.747689605
H 1.443069935 -1.150975943 -0.279709637
C -1.066267371 -0.554154456 0.491353065
C 0.472212106 -0.045256726 -1.551891923
H 0.567887723 0.185544953 -2.602240562
H -0.464618206 0.614756286 2.250459909
H 0.705101073 -0.603668272 1.846337676
C 0.732482195 1.114648223 0.564212680
C -0.019006534 0.094198085 1.415676117
H -2.073864460 -0.339890122 0.838034689
O 1.406290293 -1.014944434 -1.226766706
H -0.969411671 -1.645604730 0.448509485
O 1.651261926 1.802309871 0.923807800
C -0.847427905 0.084196687 -0.883108318
