14

H -3.174856186 -0.619923413 -0.818633914
C -2.136141062 -0.846204221 -0.564108253
H -1.680695891 -1.429678559 -1.371306896
C -1.374953389 0.439869583 -0.336996824
O 0.622056901 -0.919097900 0.196289286
C 0.035499863 0.329561114 0.019774195
O 2.744550705 -1.619945765 0.732456267
H -2.096920252 -1.479039788 0.332093298
C 0.963442683 1.286679983 0.234708101
H 3.031545639 1.048843026 0.769008160
N 2.141654491 0.638512254 0.546992660
C 1.950442672 -0.736171424 0.515992522
O -1.895608425 1.546159506 -0.438675165
H 0.869982302 2.360435724 0.182406500
