13

N 0.683058619 1.194578767 -0.160557240
O -2.261944771 -1.414751649 0.899557054
H 0.103850760 -2.156159878 -0.146909177
N 2.116461754 -0.495016307 -0.812159836
C 0.869985580 -0.150729209 -0.330859274
C -0.456272125 1.551581144 0.344020069
H -0.656294227 2.609587669 0.489193201
N -1.445691943 0.702171564 0.680567503
C -0.080554806 -1.099828959 -0.013202785
C -1.340871692 -0.706111372 0.548969984
H 2.179391861 -1.364349961 -1.318525791
H 2.600362778 0.285364866 -1.257773995
H -2.311481714 1.043663621 1.077680588
