19

C 0.543566346 1.666379452 0.325589776
C -0.285753667 -0.669036925 0.666271448
C -0.864293933 -0.020569596 1.786685944
O -1.813085914 0.080304533 2.523068905
H -0.193416983 -2.791454315 0.096035652
C -0.482255012 1.341450214 -0.793077111
C -0.692345321 -0.178321928 -0.744812548
H 1.560239792 1.666270852 -0.070243843
H -1.430324435 1.833415985 -0.568318129
H 1.254775763 0.367824614 2.029083014
H 1.395693183 -2.128793955 0.465493679
H -0.157922164 1.700790644 -1.771185160
C 0.419718504 -1.887277484 0.065354191
H 1.292690277 -0.704876304 -1.602554560
H 0.022167282 -1.803553343 -2.168922663
H 0.383047760 2.644248724 0.770551860
C 0.352179408 -1.188753724 -1.330752850
C 0.405737489 0.528444767 1.359350920
H -1.710418224 -0.456492931 -1.037618876
