18

C 2.282716990 0.063071758 -0.429961830
O 3.626790524 -0.069077827 -0.596376359
H -2.320047617 1.134076834 0.130650327
H 2.294641972 1.805106282 0.842210114
H 4.080549717 0.623239934 -0.108732462
H -2.363019466 -0.031531785 -1.203892231
C -0.456433684 0.157281101 -0.257769197
C 1.691723585 1.064705968 0.329261422
C -1.962369800 0.144488022 -0.185355380
H -0.188471437 1.884301066 0.988184988
H -2.154666662 -1.917386889 0.464010805
C 0.301070124 1.107738137 0.417252988
H -2.183172464 -0.756260216 1.787739038
C -2.512541533 -0.936041236 0.762749910
H 1.890556693 -1.658128142 -1.654078960
H -3.600057602 -0.944089234 0.751895726
C 1.448647141 -0.860647738 -1.055043578
N 0.124083072 -0.810845971 -0.982745051
