15

C 0.998692513 -0.574532986 -1.271832347
O -1.415789366 -0.491862327 -0.710534453
N 1.863625765 0.574983060 -0.807701826
H -1.943843246 0.087211818 1.225754261
C -1.740401387 -0.812916279 0.651135683
H 2.096516848 -0.948915064 0.810707867
N 0.469970584 2.722116232 1.830524087
H -2.626422167 -1.420575500 0.612976849
C 0.584196627 1.862123013 1.066959143
C 1.510997057 -0.417199939 0.102601230
H 1.291827440 -1.236040592 -2.063155651
C 0.670519829 0.808378279 0.140468031
H -0.529546082 0.983972371 -1.735975385
C -0.290064156 0.233018637 -0.980799675
H -0.940279901 -1.369760633 1.128872275
