21

H 2.141332626 -0.300201446 -2.428409338
H -2.201568842 -0.005907204 0.724139512
H 0.507019222 0.317602873 -2.600751877
H -0.399279892 1.088211417 2.298909664
H 0.527821004 -0.425551057 2.228323698
C 1.022201777 -0.381035596 -0.574626625
H -1.160097122 1.658731222 -1.165419340
C -1.387036562 -0.540203452 0.226333767
H 1.924883962 -0.432887793 0.036017168
C 0.352733135 0.532465339 1.740027189
H 0.735513687 -1.410828471 -0.763003349
H 1.272203207 1.116862893 1.765200138
C -1.374755263 -1.928071260 0.844807208
O -0.429204285 -2.461653948 1.339665174
H 1.738655686 1.306260824 -1.804510236
C -0.090700954 0.305554271 0.282487988
H -2.372529268 -2.424708605 0.813908100
C 1.369806051 0.279156357 -1.920701385
H -1.703324199 -0.677331269 -0.825349808
O -0.025304463 2.714528799 0.091614068
C -0.448369324 1.669006824 -0.308661848
