23

Na 2.682079315 -1.057515740 0.804201782
C 1.125066280 1.145071030 0.297444314
Na -0.970651865 2.807026863 0.241263017
C 1.699167252 -2.453487635 -0.890896499
S -1.911430240 0.670534492 0.345948577
Na 3.662750721 -0.291643709 0.515967548
S 1.501890779 -1.343530059 0.034076642
C -2.574085236 0.847627461 1.223796844
C -0.054844912 3.022491455 0.054009907
C -0.316000611 0.486036867 1.742304683
C -1.669663548 2.161526918 -1.441686153
Na 1.905159712 -1.473686099 -1.300803781
S -0.314537138 0.601174116 -0.343673021
C -2.588801622 -0.025823252 -0.126881108
Na -0.588612974 -1.584333062 -0.774876356
C -1.262310624 -2.096649170 -0.716209233
S -0.389988095 0.350217789 0.713699996
S 0.181172162 -0.927676499 0.141139135
C -0.133278117 0.534971535 -1.379300356
Na 0.651966035 -1.645722747 1.105361581
C 0.454158217 -2.182847500 1.713629365
S -1.372506738 1.764567137 -0.442959100
Na 0.283300161 0.691669047 -1.515557885
