25

S 1.090528369 -0.766449213 0.236393064
C 0.246744335 -0.198337987 -1.922846913
S 1.441671848 -1.524567246 -0.794238567
C -2.109503984 -1.085146904 0.019592460
P 1.837021112 -0.152939871 1.454958558
C -2.495534897 1.356689095 0.929486454
C -1.113762259 1.838171244 -1.875756502
C 2.623554468 -4.897293091 -1.429604530
S -1.114385247 2.763499975 -1.223847389
C -0.173024029 -0.962967336 1.879437566
S 2.137748957 -2.524445534 -1.283340573
C -0.541650534 -1.557191014 -1.448027968
C -2.057122231 0.057174534 2.036509275
C -0.533456147 3.467864990 -1.915227771
S 0.368223101 -0.979319334 -1.184714675
Na -2.439417839 2.985667229 -0.939572453
Na 2.375084400 -0.612736821 2.576723337
S 0.519433439 -0.298868179 1.286550164
C -0.386398852 1.720660210 2.063220501
C -0.536797166 2.907038450 -0.274165303
C 2.187490940 0.831625521 1.539392710
S -0.576839447 0.843229473 1.442431450
P -1.828761697 -0.173993617 -0.211880460
S -1.737989068 0.578716338 0.960345209
Fe 2.817142725 -3.616080523 -1.921818018
