20

C -0.276133537 0.381532729 -2.489389420
C -0.066854142 0.611051738 3.195999861
C -1.863867760 0.267570525 2.746990204
Na 2.004039764 -0.110902868 1.752210140
C -2.393005610 0.020375600 0.401056021
P -0.752873421 0.420056283 1.182797909
C 1.688575149 -0.432682514 -1.847589970
C -1.784659624 1.024320960 -0.750971377
P 0.870042980 1.122543216 -0.159814849
S -0.825224638 0.419281334 2.444022894
S 1.686079025 0.132952139 0.550882339
S 0.167055458 0.193783745 0.167671368
C -1.158761740 -1.478429914 -0.818673134
S -1.475977659 0.478923053 0.117904246
C 2.603440285 -0.211163372 0.006856100
C 0.607152402 1.852241874 -0.606366932
S -0.154895678 -0.967644751 -0.687230706
C 0.419782668 -1.789866447 -0.214140877
Na 0.384654135 -1.357608676 -2.914858580
S 0.321431994 -0.576334655 -2.077355623
