22

Na 1.262459040 -1.989551783 -1.483250737
Fe -0.345602512 -1.344820738 3.585545540
Na 0.766567826 2.373149872 -1.503080845
S -0.693346202 -1.002956510 -0.803579807
C -2.071709633 0.430984557 -1.434403181
C -0.406385869 0.767441630 2.960631132
Na 0.409896851 -1.670603752 -0.889941812
C -0.069631688 -1.652170897 4.630364418
C -1.331430316 -1.480427980 -0.103623785
C 1.240671754 0.627113104 -2.709255219
Na 0.318759471 -0.106619887 1.349922180
C 0.870161831 2.982773542 -0.675670743
S -1.033588052 0.054887708 -1.498136997
Na -1.499782205 -1.167014003 3.049053431
C -0.960753322 -0.177063167 -2.599246740
S -0.333231747 -0.208874688 2.530377150
S 0.066641964 1.092681170 -0.914931178
S 1.139412761 1.083427906 -1.714243174
C -1.264481544 1.064400077 0.714869320
C 2.102091551 -1.595765948 -1.729925990
C 2.074533701 0.720097482 -1.296132088
Na -0.241253287 1.198912978 0.534659445
