26

S -0.046054177 -0.328606904 2.327907324
Na 1.670505643 1.748623848 0.703364253
S 0.243346334 -2.144901037 -1.780888319
Na -0.788876891 -0.700963259 3.086517334
S 0.479599029 -2.308208466 -0.612533987
S 0.888363063 1.284758449 -0.402838320
S 1.002014756 1.459778309 -1.814452529
S 0.372746855 0.274562865 -1.190515041
S -2.961963415 0.003889706 3.175487518
Na -0.708655775 1.051657796 2.137634516
S 0.367247403 -1.026572347 -1.085587621
Na -0.290813118 -2.732446671 -3.950654745
C 0.513085961 2.727860212 -3.510358572
C 1.011124134 1.108503103 -3.817485332
P -0.299748212 0.921845615 -0.518488050
S 0.042370927 -2.546320200 -2.980140686
C 0.630296350 -2.832591295 0.266176939
Na 2.741997004 1.431145072 1.167260647
C -1.082457066 1.324981451 -0.256933749
C 1.118978381 -1.813948989 2.349618435
S 0.873056412 1.817086577 -3.104478598
Na -3.841025591 -0.355067253 2.532321692
C -3.230385065 0.164405271 4.214681625
C 1.917678595 2.099390507 -1.854362965
S -1.529566526 0.187627465 2.766131639
C 0.907135010 -0.816489220 2.152615786
