23

C 3.192906857 2.815892696 -0.497258753
C 1.399013519 -1.937539101 -0.732155085
Na 0.747868657 2.240902185 -0.604197145
S -2.465340853 -1.797604918 -0.989594758
C -0.178559154 -2.275194168 1.359987855
C -2.000507832 0.012416095 -2.105206490
S 0.237679586 -1.434649348 0.762387693
S 0.602375329 -0.183974907 1.389506698
Na 0.904186904 3.060984135 1.653948665
Fe 0.060941879 -0.056382827 3.085998297
Na -3.109512329 -2.307344437 -2.090693712
C 0.379861176 -0.464789659 -2.327596664
S -0.229331896 -0.813947141 -1.502896547
S 1.436576724 0.745589554 0.692636132
S 1.440167785 2.252547026 0.489386261
Na 2.875131369 2.874787807 0.447605252
S -1.607051969 -0.610098243 -1.243340373
P -2.625751257 -2.453673601 0.201643467
C -2.744044542 -2.283976555 1.213087440
C 0.708336174 4.058608532 1.278826594
C -1.834030628 -0.087704889 -0.244354680
C 2.331896544 0.186719492 0.301011920
P 0.477187425 -1.541567326 -0.538731515
