24

Na -0.844618320 1.503586769 2.023451328
S 0.138930827 1.589808702 -0.213836387
S 0.948149145 0.049672280 -1.709327579
C 1.288088322 0.217060670 2.184380770
C 1.170819044 -2.616494894 0.780864298
S 0.392137110 -2.286803484 0.126215950
S 0.396369576 1.366530776 -1.608900309
C -0.290213048 3.584007740 0.244858101
S -0.675249755 2.678203821 -0.008961641
C -1.728220224 2.703726768 -0.161491647
Na -2.170450449 -1.498025179 -0.396271586
Na 1.330154777 1.050070405 -0.992421865
C 0.034322347 1.900181055 -2.381690979
Na -0.034332052 -1.109105229 2.635198355
C -0.074559815 -2.084788322 2.856235743
S 0.358171344 -0.236554682 1.673654199
S 0.026017038 1.035511732 1.203553319
C 1.154207110 -2.013308764 -1.631531596
C 1.256586313 -0.084356830 -2.696228504
S 0.693485737 -1.276504278 -1.036478281
C -1.814771533 0.320166916 -0.712700009
S -1.354648352 -0.618272901 -0.305530995
C -0.215930477 -3.131994247 -0.110993832
S 0.015554813 -1.042319894 0.237952858
