24

S -0.025303354 -2.313919306 -0.802307308
Na 0.765690446 -3.282946587 -1.019496083
C -2.108779192 2.193084240 0.102745518
S 0.749982595 -4.412457466 -1.110224247
S 0.328310758 -0.546789169 -0.582618594
Na 1.046226144 1.713728309 1.767763495
S 0.979674041 -1.668455720 -0.146732226
S -0.741130948 -0.194108680 -1.321734786
Na -1.076123476 1.003077745 1.230430603
C 0.943949997 0.289515942 1.835711360
Na -1.203953147 3.212172031 1.682957292
C -1.722167969 0.036985684 -1.122650385
C -0.431100845 -0.373373121 -2.332273483
C 0.739962280 -5.418144226 -1.306183338
C 0.849914491 1.426130295 -1.340953469
C -1.087742925 0.725543737 2.261893272
C -1.049481153 -2.576531410 -0.965737104
C -0.654129446 2.904407501 -0.307090104
C 2.056156635 0.862089872 -0.209158197
C -0.517052472 3.874957800 1.811085105
S 0.938197434 0.812122107 -0.338912845
S -1.083150268 2.270024538 0.591092408
Na 2.019767523 -1.696863651 0.554644465
S 0.282283157 1.159749269 1.067748785
