20

S 1.091828227 -2.215519905 -0.486275673
S -1.440485835 2.448794365 0.490854919
S -0.377058953 -0.207086980 0.128134981
C -0.207684010 -1.265598059 2.153930902
Na 0.347317487 3.856425524 0.465852529
S -0.308241457 2.975686550 0.263773739
C 0.143666774 2.041398048 -1.401764750
C 2.402906656 -3.917840242 0.535076857
Na 1.297714710 -2.722367764 -1.621697783
Na 0.920790911 -2.393980980 0.860427380
S 0.391432673 -0.809420943 -0.736573994
C -2.254082918 3.000304937 0.045601830
C -1.746080041 2.027305841 1.441528916
C -1.284531593 1.277688980 -1.332906127
C -1.346288204 -0.232873872 0.616980970
S -0.644065320 1.666949034 -0.600762904
P 0.431428015 -1.106840491 1.299714327
S 1.754382730 -3.169485569 0.391084462
C 1.290299535 -0.228119195 -1.043786049
C -0.463249356 -1.025418282 -1.469194531
