21

Na 1.291579962 -0.081808299 1.203448653
C -1.980383158 -1.666015267 -1.271376967
C -2.238993406 -0.940151989 1.428391933
Na -1.267875552 0.686337829 2.437646389
S 2.036131859 0.383911848 -1.520384550
C -2.578693390 -0.075830579 -1.619609475
C 0.422889650 0.288168252 -2.849390030
S -1.259845138 -0.161080837 1.366268873
Fe -3.733018875 1.282772541 0.641596079
C -0.533895016 -1.073069572 1.800912976
Na 0.224896669 -1.364873886 -0.748490036
S -2.410892487 0.736634016 0.793560684
S -0.624037802 -0.435273200 -0.255905241
S 2.517336607 0.035490252 0.844503164
S 0.131518409 0.422647476 0.575505435
C 3.230210066 -0.114507489 1.614092946
C 0.413958132 1.471104980 0.440337002
C 3.851413727 0.500778735 -0.655722022
S 2.814404488 0.340205580 -0.542680800
S -1.754696250 -0.623565912 -1.070467830
Na 1.447992563 0.388125807 -2.612236500
