21

S -1.701510549 0.153141662 2.446397305
C 1.872170091 1.035064697 0.036830381
S -0.862365663 1.397469759 2.278718948
Na -1.258184314 -0.439971030 -0.057243533
S 2.130692959 0.581637979 -2.181759357
Na 0.880912006 -1.239924312 0.118728511
S 0.121681564 -0.859204471 -2.042827368
S 1.337957978 -0.601300776 -2.263201952
S -1.761331201 -0.854921997 1.237923026
C 3.220465422 0.327315897 -2.429151297
C -0.480289131 -1.091314316 -2.889092922
C -2.838800192 -0.967901886 1.282619476
C -2.647978783 0.683260918 2.792957544
Na 1.801092029 1.485474706 -3.167684555
C -1.347735763 -0.477639437 3.297828436
S 0.043107025 -0.828571141 -0.637145102
C -1.295711875 2.153638601 1.662907481
Na 1.997257948 1.197699189 -0.834163845
C 1.791434884 -1.421732545 -2.713872910
Na 0.239518002 1.619367599 2.767718315
C -1.242382526 -1.851588845 1.293513656
