21

C 1.093760848 -2.491782904 1.736596465
P 0.468782187 -0.538870692 1.170257807
S -0.646782041 0.413257331 -1.473231196
C 0.295405418 -1.837279677 1.567065597
P 0.892420650 -0.658019543 -0.184432656
C -2.525220156 -0.152431548 -2.719072819
S -2.200224161 -0.180113241 -1.659184694
C -3.150306702 -0.254696131 -1.173660755
S -0.157974154 -1.045980692 0.431222320
S 0.855596840 0.417792410 2.103255033
C -0.922212481 1.458326936 -1.081201077
C 1.033848524 0.130184397 3.108084202
S 0.862303853 0.224380568 -1.174180746
C 1.497336745 -1.076890588 -0.977415085
S 1.088670135 1.713465214 1.741548896
C -0.173044011 0.458036572 -2.468137026
C 1.963065147 1.887510538 1.104038596
C 1.650969982 0.912041247 -1.381131887
C -1.264309525 -1.422867179 0.055977400
S -1.179863930 -0.579110444 -0.734715641
C 0.517776906 2.623047352 2.008317232
