25

C 2.000894308 1.900950074 1.601581097
C -1.450184941 2.771271467 -1.011734009
S 0.527043939 -2.155013084 -0.265601903
C -0.006349508 -2.240434408 1.592901707
C -1.272523046 -0.267004102 0.966609538
P 0.379796326 0.711463392 1.451725841
C -1.542428613 2.312462330 0.699402869
C 1.638224006 -1.959997177 1.528493643
P -0.836655974 -2.576852083 -0.826897442
S -0.718253672 0.729358673 -0.902741075
Na -1.724643707 0.219555557 -1.598576188
S -0.330716133 0.030531393 0.511907637
C 0.096859366 0.809833765 -1.717860937
S 0.465683639 2.775758982 0.051376365
C 1.545647860 -0.309173435 -0.224339485
C -1.644866586 -2.231670856 -0.169891447
P 0.789486587 -1.939849734 1.039730072
C -0.810447514 -3.619765997 -0.858423293
S 0.753175020 -0.762318969 0.313012481
S 1.031723142 1.807338715 1.085959792
C 1.206022263 2.678746462 -0.789378464
C 0.357702911 3.850028515 0.323320568
C 1.419636607 -2.590562582 -0.764297187
S -0.897134185 2.213671446 -0.259660661
C -0.977692246 -2.158328056 -1.776619434
