20

Na 2.432618618 0.456077576 1.371272564
C -1.802634835 0.873466492 -2.089676857
C -0.841630340 0.242448717 3.524388552
S 2.381470919 0.932565570 -0.239251748
S 1.035556197 0.697417974 -0.464762151
C -1.670313120 -0.310252577 1.444422960
Na 1.030869365 -0.075611785 3.108736753
C 3.422007561 1.248559117 0.090681098
S 1.145742536 0.263715953 1.875921249
Na 0.303442299 0.743781030 -1.677739024
C 2.606470108 1.104716539 -1.379962206
S -1.555193186 -0.570365965 -0.859312057
S 0.090809032 0.200149149 3.153540850
S 0.298307061 0.272780269 0.687908113
S -0.972018361 -0.171455458 0.668392301
C -1.781114340 -1.282895684 -2.969906092
C -1.180736423 -2.626530170 -2.083803654
S -0.937379599 0.447259396 -1.605065465
C -2.562424660 -0.864133656 -0.565030098
S -1.443849087 -1.581692457 -1.990755320
