22

C 0.341497362 0.260715246 -2.060178280
C 2.449023962 0.118233614 2.130369663
Na -1.767825365 -1.205747843 -2.089034319
C -3.842866182 0.194426715 -2.536650658
S 1.943439364 -0.567803502 -0.909817278
C -3.071559668 0.919231117 -0.112413280
Na -2.928529024 0.615677476 -2.773199797
S 0.726389349 0.062783122 -1.111124992
S 0.925625384 -0.524305403 0.384009719
C 0.825826645 2.050233603 1.833744764
S 1.506667733 -0.340685636 1.858825326
S 0.288718075 0.744052112 0.190338150
Fe 2.474941015 -1.793130159 -2.282992125
C -0.367220700 -0.510509312 2.684057474
C 0.204683140 -1.368589520 0.554215908
C 2.851133347 -0.156539470 -0.634236038
C 1.030597091 -1.410851121 3.463248730
S 0.674772143 -0.752213418 2.723727226
S -2.062113285 0.703867733 -0.531268120
S -2.190912485 0.002951741 -1.768621564
P -0.999371350 1.121570706 0.130573928
Na 0.987082899 1.836632371 0.856425226
