25

S -0.879633725 0.522504091 1.050773382
C 1.597840190 1.969895959 1.844652414
C -1.073171377 2.663295507 -0.392497778
S 0.527433693 -1.608075976 0.205657631
C 1.574733615 0.274179846 -0.913498461
C 1.844306946 -2.070514202 -0.913821042
S -0.346615493 0.534845412 -0.444715053
C -0.230786443 -0.124971136 -2.422511816
C -2.268730164 -0.203317106 2.554328680
S 0.925141633 -0.207529441 -0.108642258
S -0.954553008 -0.306528509 -1.516476870
C -2.048891306 -0.188569143 -1.228889585
C -0.455008507 -1.948964834 0.570491672
C -1.129731417 2.135468483 2.168783188
S -0.427843213 1.594711423 1.631881475
S -0.521804988 2.019567251 -1.070819616
C 1.781427264 -0.276802212 0.645094812
C -1.082360625 2.038537025 -2.052372456
Na -1.669554353 -0.355873108 1.781552792
C -1.072869897 -1.332606912 -1.937987924
Na 0.726359844 1.986481190 1.495939016
C 1.475100756 -3.193458557 0.986780643
S 1.427667141 -2.715353727 -0.031244291
C 1.817285657 -3.673627853 -0.593535483
C 0.464257330 2.466706038 -1.308924079
