20

C 2.026837349 0.760683894 -0.841981113
Na -4.056808472 1.470166564 -1.480649590
S -2.776965857 1.192770004 -1.664141655
Na -0.134367451 1.404076695 -1.517647862
C 0.706898808 -2.810408354 -0.030129567
C -2.374754667 1.661211133 -2.609848261
S 0.621230066 0.301189661 0.359064072
S 1.087686658 -2.414024353 0.890380502
S 1.962373614 0.069841526 0.046839178
C 0.449131399 0.894468725 2.452306032
C 3.056175470 -0.001214758 0.185718879
S 1.508340001 -0.993033290 1.014387012
S 0.283693403 1.080299258 1.413223028
C -0.140930995 2.096136570 1.340905428
C 2.004029036 -0.857827842 1.973732710
S -0.525032401 0.275371224 -0.912202299
C -2.519129753 -0.333706379 -0.233724803
Na 1.116948724 -3.360541821 1.812623620
S -1.946019292 0.321845800 -0.849221706
C -0.349336058 -0.757304907 -1.349633574
