25

C -1.023734689 -0.066037960 -2.213144541
C -0.515404761 -0.416243255 3.036900759
C 0.429023296 0.928129792 2.973786116
S -0.236884877 -0.073189765 1.063517451
C 0.535657704 -1.549303412 -0.731198490
S 0.557567596 -2.171254396 1.250361443
P 1.974822044 0.085360460 -3.081187010
C 1.338354468 -1.974326015 1.911892056
S -0.091203168 -1.395565152 0.225798279
C -1.000813484 2.306233168 0.542800605
C 1.296684980 1.863842487 -0.912002385
C 0.016591169 -3.858056545 0.399083048
C 0.159947053 2.370689631 -2.090025187
S -0.707541466 0.670956194 -1.495832682
S -0.194430873 0.339051515 2.308516026
C 2.720502615 0.373126090 -3.720087051
C 0.454985023 2.030337334 1.210804582
Na 0.055194985 -3.384962320 1.298612237
S -0.505835474 1.500255942 1.290319920
C -1.043001413 -1.812505841 -0.206198156
C -1.463159084 1.632011890 1.959825873
P -1.915318608 0.738918424 -0.744366288
Na -2.595651388 -0.064351976 -0.236277342
S 0.505994976 1.387665391 -1.662793159
S 1.247653246 0.539217949 -2.379106283
