22

S -0.272482812 0.195405155 0.903580248
C 0.628084779 1.766546130 1.033132792
C 0.813648045 -1.704108477 1.446884513
S 0.877486289 0.686287940 1.096745253
P -2.356537819 0.772617459 -1.095552206
S -1.436770797 0.735406578 -0.014439690
C 1.206266761 -1.723789573 -1.489363432
S -2.134965897 -0.324900985 -2.058985233
C 1.807051420 -0.128145993 -1.265899301
C 2.482806683 2.438597202 2.221463203
S 0.947983086 -0.811991632 -0.931349814
C -1.960849643 1.516261816 0.702566266
S -0.473427087 -0.302609950 -0.737816393
S -2.865777254 -0.636197507 -3.077435732
C 3.130759239 -0.162581190 1.913641810
Na -3.458298206 -0.590100408 -4.062608242
C -0.526973844 0.227287829 2.052346945
C 2.437093258 1.968061805 2.916189671
S 0.326710582 -1.159293532 0.530044496
P -1.035527945 -0.855621576 -1.916581392
C -0.307741702 -2.069351673 0.349219888
As 2.171463013 0.162219942 1.484216332
