24

C -0.246911481 -2.249095440 3.840358734
C -0.360226929 -2.493698359 -0.507245302
Na -1.123789191 -0.327425003 -3.545018196
C 1.133919001 -0.089824870 0.142708361
C -1.400786996 2.176250696 0.726448536
S -0.128464341 0.420146048 -0.238910854
P 0.201900259 -2.166998148 0.268909067
C 0.669235528 2.388898849 -2.737663269
C -1.994071245 0.962722600 -2.248904705
C 1.740592718 -1.721574426 1.295864224
Na 0.788782775 1.406518221 -2.491013527
C -0.987956882 2.573379278 -0.668167889
S -0.350754827 1.925278902 0.146118060
C -0.027154787 -2.964221478 1.058701277
S 0.721422195 -1.019775748 2.198595762
S -1.119720221 0.463935703 -2.565890312
S -0.105499677 0.856948972 -1.685607195
C 0.095707037 1.783841252 1.268219829
P -0.199902847 -1.584101796 3.129028797
C -1.116034627 -0.043638568 -0.123047523
S 0.703640819 -1.045508385 0.636772871
Fe 1.565330505 0.075398155 3.096434832
C 0.906899929 -1.779030204 -0.878646255
C 0.633843720 2.451574802 -0.118044786
