25

C -1.472703695 -3.352162600 2.365829706
S 0.759446919 0.812827289 2.115114927
C 1.024350166 0.590320170 3.083559513
C 1.364003420 -2.119891167 1.715864062
C 0.708473623 0.686290443 -4.691685677
P -1.054873228 -0.940273881 -0.662930369
S -0.157602102 0.063429430 -0.937727630
Na -1.649829149 -2.317878485 2.329265356
S -0.356712550 -1.652588606 2.421625376
C 0.279010653 -0.591927350 -2.680083036
P 0.664158046 -1.422377348 1.400699496
C -1.532427669 -1.607116938 -0.095499665
C 1.217493296 1.686319232 1.694721460
S 0.267113924 1.467523932 -0.545265436
Na 1.069762945 1.449797988 -4.059103966
S -0.167900741 0.319809914 -2.306217194
C 1.206438065 1.848565578 -1.027896404
C 1.000033021 0.153114855 -0.466422230
Na -1.101474643 1.357988119 -3.108529091
S -0.096982956 1.215938568 -3.305001020
S -0.107329816 -0.249571115 1.798277378
C -1.138708472 0.270908028 1.678632259
C -0.872147858 1.910380006 -0.662153184
C 0.073961020 2.255210876 0.303580135
Na 0.074447840 -1.834637523 3.641346693
