23

S 0.460878819 2.341013193 0.543837070
C 0.444523662 0.243460998 2.374337196
S 1.495037317 1.785794139 1.378189921
C 0.402444482 -2.327191114 1.175996304
C -0.121610917 0.510140002 -1.821743011
S -0.349742323 -0.880237401 0.090436712
Na 2.584922075 2.507420778 1.549570680
Na -2.673016548 -1.648596644 -2.157759666
C -1.803717732 -3.331923485 -2.683644295
C 1.759819150 -1.989918947 0.370060772
Na -1.280927300 -2.990323067 -0.948875546
S -0.466512054 1.699945569 -0.359629989
C 0.819418132 -1.654064059 -0.947321951
P -1.749752641 -2.545382023 -2.007035971
C 1.932723284 -0.415287465 2.315107584
Na 1.055130005 4.372489452 0.113697007
S 0.684373975 -1.728738308 0.244454429
Na -1.466388941 2.440750599 -0.667493641
S -0.687926948 0.368115664 -0.830799520
C -1.190667748 -0.967826366 0.764284313
P 1.432355165 0.466387510 1.932179451
C -1.705416679 0.080942094 -1.099410892
Na 0.424053490 3.663029194 0.671562910
