20

S 0.002586497 -0.867471695 0.486960351
Na 2.639148235 1.154207826 -0.428855777
Na 0.590214431 -3.122684002 1.117243052
S 1.526321650 0.421067238 -0.855523825
C -0.542424679 -0.262154013 -1.317761660
Fe 1.472235918 -0.885960400 0.334376156
C 2.631088734 -1.657091022 0.012139508
S -0.059315212 0.363391459 -0.551496208
P 0.437472314 -1.992439032 0.998924315
Na -0.819150388 2.473656893 -0.616977632
S 0.328015685 1.536069274 -1.209338307
C 1.744292378 -0.046165444 -1.860205889
Na -1.763618112 -0.908742249 2.244425058
C -1.983166099 -0.672169089 3.071000576
S -1.067483187 1.155999899 0.014265702
C -1.875658512 1.153136849 0.701167524
Na 0.898772061 2.205126762 -2.189074278
S -1.120258808 -1.262410283 1.081510782
C -1.764981031 -1.804591894 0.410695434
C -1.274091721 3.019222736 -1.443475246
