22

C -2.292049170 2.657538176 -1.723456979
S -0.657614052 -0.112583414 1.940935850
C -0.964676142 0.811514616 2.241467714
Na -0.539910674 -2.211651087 0.781174898
C 2.374556541 -0.209882602 0.019516723
S -0.678258836 0.612392724 -1.593163133
C -1.890707493 2.228392601 -4.444634438
P -1.036335468 1.307935238 -2.550756693
Na 3.548187256 -0.143829450 3.273766518
C 1.979520440 -1.366925836 2.934947968
C 1.355639577 -1.298458099 -0.532740474
P 2.797277212 -0.682916582 2.498293161
Na -1.804061413 1.885965943 -3.539313555
Na 0.008660514 0.990202010 -2.600430727
C -0.918060839 -0.766810536 2.749858379
S -0.114766240 -0.636854172 0.686748028
Na -0.054830469 -2.819651604 1.288319826
S 1.427916288 -0.717805266 0.428056538
C -1.705286980 -0.852209747 -0.680941641
S -0.837469518 -0.245958194 -0.454647958
P -1.953585863 2.192781210 -2.432445765
Na 1.955855727 -0.621185184 1.709445238
