23

P -0.523759425 2.327247858 -1.168256044
C 1.125985384 1.464652300 0.585819483
C -1.772342205 -1.761718035 1.948749661
C 0.594278038 -2.432844877 -1.578176141
S 0.661070943 1.842748880 -0.409476399
C 0.395965636 -0.579040289 1.904259324
C -0.871386707 2.168895006 0.990428388
S 0.937531948 0.132480010 -0.930445075
S 0.236238912 -0.867913425 -0.204246223
S -0.259683311 -0.707710028 1.044439077
C -0.278282195 -3.879059315 0.386677146
C -1.984932542 1.832258582 -0.193728775
C 0.801933706 0.092889927 -2.044518948
C 1.102922916 2.579705954 -1.314127922
S -1.445398092 -0.909985065 1.465377092
C -2.095989704 -0.128581628 1.294297099
S -0.930994809 2.017716646 -0.059969142
C 1.520465851 2.890641689 -0.197495401
C 0.941201329 -2.852873087 1.342613816
S 0.323281676 -3.037596941 0.492448270
C 1.976920366 -0.235357791 -0.746674001
C -0.825133741 2.276611090 -2.053673267
S 0.370106429 -2.233167410 -0.554321587
