22

C -0.519807816 2.114054918 2.135466576
C 0.259499669 -2.099499464 0.192798823
C 2.533846378 -1.573104501 -1.269514322
S -1.997994065 0.914260328 0.635111213
S -0.935600877 -0.417331517 1.223733068
Na 3.237202406 0.659891129 -2.093240976
C 1.123862505 0.253778577 1.950995088
Na 0.379355609 -1.010988474 0.557219148
Na 0.535505831 1.520959139 -1.900902033
Na -1.131895304 -0.560693502 2.547329664
C 0.602953613 -2.366019487 -2.096514702
P 0.612709105 0.220492259 0.984368145
S -1.547513843 1.732290745 1.794517517
Na -2.420789957 2.407058477 2.557347775
S 0.966556847 -0.541171134 -0.199227706
C -1.679992318 -1.202479124 0.785857677
P 2.251641035 0.116501980 -2.030233622
C 0.214934841 -1.413750529 -2.531708002
S 1.868248343 -0.739679635 -1.334623694
Fe 0.606778979 0.076248251 -1.907545328
C -1.799334884 0.714716852 -0.481751502
C -3.160166740 1.194465041 0.480517328
