22

P 2.306368351 -0.213819355 -0.204599276
S -2.369609594 0.813742101 0.635741353
C 1.538743138 -2.977958202 -0.147970915
S -0.633125901 0.985146284 1.178169966
C -3.324642897 0.490403146 0.104318686
C -2.699834585 1.736364603 1.163406730
S -0.444398344 0.013044682 -0.977640271
C 1.249299765 2.059862614 0.645038903
Na 1.150619149 -2.175450563 -0.573004484
C -1.934298873 -0.708289206 -2.177641869
C 0.819927871 -1.308249474 1.045644760
C 1.288143992 0.673711836 1.932243943
S -1.248903394 0.065831058 0.302789271
Na -0.879629672 -0.834619880 -2.017797470
Na 3.275683641 0.128847316 0.454157323
S 1.301702619 -1.073795557 0.103660852
S 1.006168723 0.347720504 -0.549276650
C -1.530765295 -1.082708478 0.343182087
C -0.695917428 1.605400324 2.088850975
C -0.328442276 -0.707722425 -2.924241543
C 1.333540678 1.041376472 -1.390281558
S 0.819370329 1.121161580 0.965248764
