24

C -0.985557497 2.915371656 -0.672995090
S -1.410887718 -0.340098679 0.860197961
C -1.620791316 -1.177309752 0.141986445
C -1.350059509 0.650397778 -1.670987725
P 1.994009852 -0.984158576 -0.807323933
Na 3.328472614 -1.250416040 -0.316880286
S 0.838711441 1.126563907 -1.841053247
S -0.156735837 0.201142073 -1.377541900
C 1.496254206 -0.845976293 2.959982872
S -1.293923616 0.884311616 -0.313107550
C 0.798366666 2.122539520 -1.629551530
S -1.006567836 -0.155984312 2.181346178
C -2.362843037 1.174350381 -0.186609045
Na 4.293785095 -1.802153826 -1.041906834
S 0.878138661 -0.500111222 -0.488381147
C 1.621613741 0.880948544 -2.467146397
P -2.531229734 -0.845190227 1.690953493
C 1.907896280 -1.308228493 -1.820030570
Na -3.422331810 -0.933598459 2.178005695
C -0.319907635 -0.701105952 -2.140223026
S 0.108599685 -0.535432100 1.484035015
Na -0.790209472 2.175454617 0.138276145
Na 1.169252992 -0.938411534 2.010867596
C -1.184055924 0.187095419 3.128086805
