22

Na -2.087835789 -1.065029860 2.047944784
C -0.437870383 -2.433097601 -0.082727283
S -1.493921518 -0.281533509 1.544505715
S 0.295255870 0.386906862 0.181486726
Fe 1.234234095 -1.943822145 2.792095423
C -0.241859093 -1.575589299 -1.532014847
S -0.692333579 0.798842311 1.110939741
C 0.241269022 2.627705097 -2.995323181
C -1.496455789 1.518361926 1.417629004
Na 2.027282715 1.841105700 -3.207499266
P 1.333148479 -0.389336973 0.536378086
P 0.906629622 1.908467412 -2.768066883
C 2.007719517 -0.133844167 -0.180698335
C -1.927850485 0.934136689 -0.799504459
P -0.941518962 -2.062973022 -0.925177574
C 0.209598154 1.650462866 1.188066840
P 0.039874148 0.918754101 -0.921634674
C -1.898009658 -1.758367777 -0.765616000
S -1.046813607 0.782216668 -0.674393058
Fe 1.514263153 -0.849701941 1.960894704
C 1.951993346 -2.096817017 3.878833055
P 0.503200829 1.223152280 -1.806117535
