22

C 0.241502553 -0.361757398 1.793457866
C -1.265265107 -1.784344077 -1.978878140
Na 0.298780859 1.914173961 2.665205956
P 1.470771074 -1.478105068 0.670102954
S 0.575652122 0.227586567 -0.497460335
S 0.784423351 -0.186789528 0.851010501
C 2.089453459 -0.573554754 1.021534085
S -2.394907713 -0.774725556 -0.406900942
C -2.025970459 0.040443454 -0.986533344
S 0.385190189 2.242177010 1.453878999
P 0.639219642 0.581951380 -1.713861585
C -2.164577961 -2.976715088 -1.178683281
Na 1.322913647 1.203715920 -2.375535250
C 2.554761171 1.752484441 0.749979317
Na 0.488165259 -0.377637416 -1.347127557
Na -3.503578424 -0.604912043 0.095369883
C -1.998242497 -0.906876743 0.685191810
S 0.779522359 1.176876426 0.570939481
Na -2.061591625 -1.937533140 -1.323958635
Na 1.683963895 -2.343508244 -0.076363079
Na 1.903758883 1.908566594 0.135051653
C 0.196055412 3.258483648 1.193579197
