21

C -1.741861343 -1.271318793 -0.537095964
W -2.935623169 3.497045279 1.690178752
C -1.044683456 -2.355409622 -1.766581774
P -1.973051548 1.704226851 0.205639213
C -3.057146311 2.133011818 0.773616016
P 1.521855593 -2.188393354 -0.773834050
S 1.527143359 -0.479496092 1.459242821
S 0.448159039 -0.097603373 0.540308356
C 2.431628704 -1.084778070 1.345348239
Na -0.762391448 1.437322736 2.081237793
S -0.831498146 -1.708033323 -0.946537733
P 2.549846649 -2.649122953 -0.963028669
C 1.463942885 0.066042714 2.306371689
Na -1.876295924 2.528690577 -0.744961083
S 0.121103749 0.794506133 -0.599580348
C 1.133505464 0.560155630 -1.074528337
C 3.499821186 -2.748941898 -0.971651018
C 0.453858256 1.883500099 -0.888804734
C -0.608374238 0.560070753 -1.438843012
S -0.685346425 0.999711514 0.809339046
S 0.365407258 -1.581187487 -0.505835235
