23

S 0.894479990 -0.985217333 1.501677155
C 0.562451184 -0.339794338 -2.635600328
C 1.577360630 1.717062473 1.091422915
S 2.137048721 -0.608302414 1.802782178
Na -0.962164402 2.475117207 -0.621489346
C 0.833474934 -2.066178322 1.522746921
C -0.021169405 -1.572403669 -1.720050812
Na 0.989773393 1.891781569 -1.473803639
Na -0.436648160 -0.236479059 2.064824343
S 0.131569713 0.032618687 0.941295862
S -0.231709406 -0.457729489 -1.863835096
C -1.199975014 -1.799267769 0.240738422
S -1.640327811 -0.868300140 -0.205624193
S 0.509715736 1.463007450 0.889837563
C 1.985919356 -0.298317820 2.867191553
C -2.273447752 -0.049121894 0.132065833
S -0.449901611 -0.020453366 -0.493805766
C -0.101007946 2.159268618 1.497530460
S 0.015403572 1.563219070 -0.597474873
Na 3.214720726 -0.645777345 1.295568466
C -1.885548592 -0.292958528 -2.827442646
C -2.368921041 -1.400512457 -0.857761979
Na -1.281096220 0.338738889 -2.550793648
