26

C 2.234961748 2.465442657 1.846050620
S -1.353985667 0.192882121 1.520686150
S 2.616547585 0.431349456 -0.416939288
S -2.261091471 -0.723868132 0.739340782
C 3.761771917 0.454943657 1.469002724
P 1.596013784 0.139806017 -1.438076496
S -0.136572152 0.675117552 1.271028399
S 2.713558674 0.497111678 1.141411424
S 1.859239578 1.541259646 1.534438848
Na -3.528581619 -0.317535013 0.800914824
S -1.655595899 -0.684248626 -0.528734148
P 0.619877815 1.357308984 1.456252337
C -4.078443527 -0.079405047 0.109004021
C -0.490029603 -2.162769318 -0.806175530
C 3.581749201 0.598711193 -0.881159902
C -2.463567972 -1.744023919 1.135631561
C -2.109933138 -0.888909161 -2.657885551
C 1.209665298 1.177193642 -1.491265535
C -1.758811951 1.260052681 1.589789748
C 0.210175648 0.075968653 -3.064421892
C 2.342022657 -0.239207163 1.995085239
P -2.043845177 -0.467632353 -1.757892728
C 0.506466568 -1.573317528 -2.727504492
S -0.529690981 -1.152226925 -1.225705743
S 0.418725014 -0.602113962 -2.160243988
C -1.260626197 -0.231891051 2.547369242
