22

P 1.934983134 -1.675761580 1.185006857
C -0.031998023 0.959574342 2.324083567
Na 2.094768047 -2.874783993 1.484175086
S 0.838594496 0.840878844 -1.962449670
S 0.539878726 -1.155585051 1.579865575
Na 0.245127425 -1.415140033 2.872089148
P 0.968816876 0.964444697 0.458968937
S -1.017737150 0.919411480 -0.438636541
Na 0.466647148 2.117111206 -2.396492958
C 2.116858482 -1.250621557 0.291734844
Na -2.758073092 -0.717198133 0.274140269
C -0.582919836 -1.864066601 -0.321559787
C 0.515604258 0.124293514 -2.749052525
S 0.430111140 0.323385686 1.590821743
C -3.153853655 1.070698142 -0.387591749
C 1.943749785 0.691020072 -1.782511353
Na -0.250317007 -1.790520430 0.577098846
Na 1.540041208 2.055937767 0.355579138
Na 0.162380621 0.470697612 -0.708492637
C -2.454623938 0.063962735 -1.685277700
C -1.183850408 1.853627801 0.040631730
S -2.364188671 0.288634449 -0.602131248
