21

Na -2.114785194 2.514085293 -1.799450278
C -1.296540737 0.147810414 -1.464595079
C 0.050058771 2.480491877 -2.013528347
Na 2.378024340 -2.325045347 1.494748473
S -1.110131621 -0.811239839 1.322488666
S -0.799896240 2.421747684 -1.248646498
C -0.950541377 -1.612190843 2.092239380
Na 0.905266047 -0.715472758 -1.754530907
C 0.684292555 -2.487618208 0.158579901
C -1.528195262 -1.377452970 0.417874157
S 1.088829994 -0.762956083 0.470672518
C -1.841288090 0.003327486 1.533493996
C 2.441008329 -2.175758839 -0.452337682
S 0.715572238 0.071143813 -0.753629267
S -0.745352089 0.822151959 -0.862451553
S 0.214772046 -0.247732803 1.359206080
S 1.749259949 -1.971262455 0.387749672
C -1.231853247 1.141315460 0.026371628
C 0.454827011 0.525153875 1.989430666
Na -0.490583032 3.413836002 -0.321744770
C 1.427255273 0.945666611 -0.581940055
