25

C 0.667313278 -3.707102060 1.523254395
S 0.833197296 -1.611093283 -0.252833217
S -0.541819990 0.394618958 1.561419845
C -1.090032935 -0.906264782 -0.721588731
C -0.598452568 -1.361194968 2.864800215
S -0.106984511 -0.363647461 -0.624932051
C -1.581005573 0.531753480 1.535815477
C -0.080648564 1.012344122 2.371651411
C -0.935421765 3.053991556 -1.895245075
S 0.115411662 0.292543828 -1.859906197
C 0.850905478 -2.554196119 -0.929706395
S -0.209898740 2.283970118 -0.115784861
C 0.564933836 3.180910587 -0.260047942
C -1.019118071 2.655554295 0.509426653
S -0.128103346 -3.282326698 1.048372149
Na 1.203681469 0.102067180 -2.565153837
S 0.133663297 0.863027990 0.259412348
C 0.670657694 2.735991478 -2.148559570
C -0.911709547 -3.713688374 0.537267029
Na 2.171541691 -1.278007507 -0.278001040
C -0.778891623 0.686241388 -2.319407225
S -0.419332981 -1.048158169 1.910727501
P -0.093926325 2.824440479 -1.468549728
C 1.260511637 1.150390744 0.331036896
S 0.023529049 -1.942167401 0.986531496
