26

S -1.285433054 2.291765213 2.224300623
C -0.534566104 -0.479210526 2.574327230
S -1.167989254 -0.061608627 -0.147421047
S -1.245465159 -0.708637297 -1.322345614
Na -0.406360209 -1.768156290 -5.302255630
C 2.428065062 -1.243362308 -0.183711752
P -0.202125967 0.367432654 2.106947899
C -1.814476490 3.060514688 2.262021780
C 0.919541538 -3.136285305 -1.435832143
S 0.885453463 3.307886839 3.604675055
Na -2.018200874 -0.962654173 -2.293060303
C 1.481525064 2.432355165 3.122774363
Na 0.346911132 -1.139697194 -6.103940010
S -0.718787968 1.439073682 2.166721821
S -0.091766626 -1.309828162 -0.986547351
C 0.424645841 -3.608056307 -4.338244915
C 0.554538786 4.371264458 4.049364567
C 0.660062253 3.779373646 2.620191097
C -1.948486090 0.254113644 0.388885617
C 0.817432880 2.780526400 4.569264412
S 0.105969027 -2.407696962 -2.994309902
S 0.580552161 -0.862682819 0.094843067
S 0.040313601 -2.603227615 -4.197221756
P 0.131898656 0.146036580 0.686457396
S 0.343991309 -2.306654215 -1.777105212
Na 1.712756991 -1.632586241 0.611220479
