20

C -1.014339209 -0.301288456 -0.844745994
S -0.178587273 2.520788431 -1.677995682
C 0.556125998 0.727990389 -3.391620159
S -1.774953127 -1.784372211 1.457942128
S -0.644856334 -1.273326039 0.970018923
P 0.857793808 -1.597196460 0.930958152
C -2.766634464 -1.501826286 1.150422931
S 0.798061192 2.425219059 -0.850845814
Na 0.788331807 -0.023916027 -2.990993023
C -0.876602054 2.908061266 -1.997705340
S -1.067135930 -0.161436900 0.194146469
S 1.357220173 1.381144285 0.003754125
Na 1.105829358 1.390111923 1.273676515
C -1.409976721 0.868732631 0.391982913
Na 1.373575568 3.588334799 -0.554472089
Na 2.289686918 0.665867329 -0.535645425
C -1.959184766 -2.576315403 2.213820219
C 1.868445516 -1.781173348 0.799003065
C 0.481761783 -3.179759502 1.987959146
S 0.215438113 -2.295639277 1.470338702
