25

C -1.415355206 4.097059727 1.870373964
C -0.097251244 -0.711612046 2.680898428
S 0.765910864 -2.000405788 -1.312430263
S -0.399752289 -0.108141392 1.853800774
S -1.312385440 1.974728942 1.615962625
S -1.690569878 0.561732769 1.881967902
C 1.761082292 -1.141788363 -2.903539896
C -1.024376988 3.823088408 0.346964151
P 1.849485278 -1.787949204 -2.181112766
C 1.654203296 1.164630413 1.480146885
C 2.464811325 -2.524549246 -2.110471964
C 0.693997502 -3.052216530 -0.872764170
C 1.072445273 1.246831656 -0.911142647
C -0.325101256 -2.388063431 -3.004817963
S 1.043410420 -0.882101178 -0.217070594
C -2.477671862 0.416922987 2.528990030
S 0.623121083 0.925683916 1.167003751
Na -0.996882558 -0.508147717 -2.166824341
Na -1.410814762 -0.471034408 1.114356041
Na -1.583831310 -1.460142732 -1.676687121
P -0.162910059 2.175075293 1.291744113
C 1.585690379 -1.345251203 0.570967734
S 0.912041128 0.453471631 -0.168740943
S -0.491434485 -1.750474691 -2.122108936
S -1.037860751 3.292652369 1.244534612
