21

S -0.811555684 1.422645807 0.419659704
C -2.456113100 0.684817314 1.387397885
Na 1.402744293 -3.640221357 1.394611597
S -0.355742991 0.236587003 -0.185919240
Na -0.077713661 3.946983099 0.769955993
S -1.100804329 2.965160847 0.730768621
S 0.548762381 0.138934210 -2.048360109
S 0.627576888 -1.753379822 0.775668144
C -1.439386725 1.255898833 2.635855913
Na 2.485929489 -1.872492671 2.412159920
Na -1.489678383 0.886148989 1.705889106
Na -2.193901300 3.318854094 0.745270908
S -0.196737677 -1.170155883 -0.004305634
C 0.205177933 -1.678723693 -2.542598963
P 0.344286174 -1.090133190 -1.619636297
Na -0.196541533 1.197960019 -0.888915241
C 2.273765087 -0.785248756 -2.548294067
S 1.517761111 -2.429272175 1.543340325
C 0.490333945 0.555370986 -3.041284800
Na 1.668391943 -0.544081092 -1.776446581
C -1.246553421 -1.645652413 0.135183319
