20

C 2.612707853 0.650568724 0.603089035
P 0.328307450 1.659262776 -0.154844910
C -2.475860119 1.127650380 -0.310035825
C 0.543569505 2.401532650 -0.531672418
Na 2.355705261 0.476277053 1.551145196
C 1.882605672 1.354593396 1.925108552
S -0.593637109 0.863588274 0.521431684
C -0.282226562 -2.575701237 0.220979139
C -0.626766920 0.899908006 1.588235259
C -2.438357115 -2.048769951 0.379047096
S 2.414329529 -1.240339518 -1.864049435
P 1.385441184 -1.242392302 -1.252586722
S 0.249380335 0.456363142 -0.188983068
C -2.836664915 -0.125574648 0.968680680
Na 3.422118425 -1.170131922 -2.325898886
S -0.550019622 -1.590420127 -0.071525075
P -1.791537642 -1.243861318 0.015628891
C -1.972303391 1.970873594 -0.715591550
P 0.443647802 -0.865929186 -0.653554499
S -2.070438862 0.242502362 0.295396686
