25

C -2.402797699 0.208539173 -1.675496578
P -0.979301214 -2.090764284 0.127638891
S 0.121291809 -0.243728653 -0.577588558
P 0.537847221 0.338178724 1.956443429
C 2.075773716 0.492227465 -0.962172806
C -2.209372282 1.885617971 0.184219033
S 0.873719215 -2.173918962 -2.098329067
C -2.801639557 -0.530844390 -0.250815481
S -0.933429301 -0.947964728 -0.539456367
Na 2.742978096 0.752171040 1.333578944
S -0.678502500 1.142857552 1.514177561
C -0.244794801 -2.394731522 0.651466131
C 1.874451041 2.157750845 0.065605268
S -1.191041470 1.812449694 0.395073056
C 0.019552106 -2.793023825 -2.116998911
P 1.134244561 0.395763695 -0.613192558
C 0.771033287 -0.374822617 2.596944094
C -0.677957416 2.179126978 -0.446796000
S 1.882293940 1.127247691 0.384841472
C 1.465831399 -2.315583467 -1.384155989
P -2.216029882 -0.672653317 -1.192959785
C 1.014141321 -1.448006272 -2.801475525
C -1.524605513 0.518580377 1.914089322
C -0.438241243 2.079733133 1.820144415
P 1.784556389 0.895796478 1.715215921
