21

S -3.915810347 1.191031814 0.005913735
S 1.056036234 0.202740401 -0.068249650
S -2.838185787 0.607524991 0.562812746
C -4.518916607 1.351659298 0.790381253
C -2.797281742 -0.128251553 1.288766026
C 2.965498686 -0.073569007 1.618458867
P 1.362876058 0.039717726 1.995052934
C -4.087136269 1.497412562 -0.953276396
Na 1.828507543 -3.423525333 -0.269845188
P 0.097198717 0.169729173 -1.216663241
C 3.483583450 -2.727730036 -0.922628403
S 2.183420897 -0.972101390 -0.142450228
P 0.661443651 0.076060891 1.250723243
P -1.216579318 0.708907604 -1.099280000
C -1.892426133 2.379961252 0.199617803
C 0.628784120 0.053955518 -2.139640808
C 2.825724363 -0.913450658 -1.126523137
S -1.876718402 1.339532137 -0.158590436
C 1.408627748 1.210707188 -0.245388195
S 2.069008589 -0.268703163 1.139554024
S 2.572342873 -2.321608782 -0.508745015
