24

C -3.443138123 0.420416743 2.543776989
S -1.254763126 -0.097817607 2.563304663
C -0.881803274 1.544217706 1.084913254
C -2.475597620 0.113945596 4.041613102
C -0.430906206 0.352308989 -3.553881884
Na 1.725509048 -1.684832692 -2.091467857
C 3.187006235 0.259795964 -3.033404589
C -0.154073715 -1.092115521 -1.448057771
S 0.739825487 -0.762371898 -2.142843008
C 0.315108597 0.212487012 1.267232895
S 0.863826454 0.238441795 -1.113615394
P 0.342653841 -0.008192217 -3.240917206
S -0.769749522 0.427133709 1.293768287
P 3.496427774 0.363714337 -2.128623247
C -0.524917722 1.653519154 -1.558487296
S 0.114693299 1.193937302 -1.219017863
Na -3.004871130 -1.497664452 2.585020065
P -0.363363355 -0.504182100 3.435772657
C 3.778740883 0.903692842 -1.408005714
S -2.586137056 -0.238069788 2.932469606
C 1.565022588 0.240221709 -0.376160532
Na 0.140933037 -0.608881116 4.283239365
C 1.013541818 -1.433732271 -3.190690756
C -1.393968582 0.004026672 0.474062562
