24

S 0.383608550 -0.626030922 -0.398732901
S 0.989416182 0.712543011 -0.368020624
C -1.749489188 -1.729399085 1.672046423
Na 2.292341709 1.498897433 -2.334829807
C 0.360382229 -1.402241945 -1.276966929
C 1.257149696 1.557435513 0.039372940
S 1.652930975 -0.439014524 0.182265669
C -2.770643473 -0.001301000 -1.098172069
C 1.717760921 -0.741460681 1.209743142
P -0.490369111 0.693377137 -0.471237451
S 2.044529438 1.565671802 -1.045770764
C -0.646137476 0.186174288 2.675351381
P -0.193133861 -1.573955774 0.499352306
C -3.375351667 -1.131756425 0.101002075
C -0.913370788 1.605442286 -0.782738626
C 2.902723551 2.186095715 -0.798103034
C -2.202059031 1.046830177 1.312525988
S -2.576584101 -0.428388715 -0.100544766
S -1.607856035 0.133217558 0.790182352
S -0.867072105 0.042939052 1.865218282
C 0.017171331 -2.623106480 0.609115720
C 2.565986156 -0.682010293 -0.262970865
C 2.455934286 1.157567024 -3.186321497
S -1.247868299 -1.007525206 1.168232560
