25

Na -0.185119092 0.304503381 -1.283193350
C -2.041515112 -2.854497433 1.753591776
S -0.384677976 -0.614904284 -0.284789771
P -1.661534905 -2.430464029 0.956920862
C 2.713826656 1.890086293 -0.989911735
C -1.115783572 -1.543044567 -2.100478411
C -1.987727642 -2.663157701 -0.936167896
S -1.207144976 -1.429491520 0.255776584
Na -0.701957166 0.858839393 2.547865152
P -1.201015711 -1.622592807 -1.071779013
Na 1.130278349 2.281975269 1.880048394
C 1.872829080 -0.357070327 -0.661331654
C -0.974038839 2.883030653 0.268887669
S 0.970593572 0.273421019 -0.598832548
C -0.833809793 0.916642249 -1.618948817
S 0.542695999 0.148941875 0.793993056
Na -0.956169367 2.162553549 0.806184053
C 1.592513084 1.664873004 -2.371279955
C -0.368013024 -3.484269142 -0.079174072
Na -1.376403213 -3.539772034 0.031788819
S 1.636819243 1.704766154 -1.261171818
Na 1.356778622 -0.415564507 1.689162374
C 2.041311979 1.919806242 1.531764030
C 1.152142048 2.562799931 -0.803937137
S -0.014878181 1.382588387 1.545013070
