21

S 0.065601788 0.412611037 0.077356078
C 0.520179749 -0.546387613 -0.473559111
C -1.411662817 -0.176396921 -1.716635704
C 1.927518010 -2.777741432 -3.206279993
C 0.032669220 -1.179038405 1.424368382
S 0.053622924 1.692363977 0.400673807
C 0.136627227 -2.252210140 -1.553237915
S 0.351172775 -0.172741979 1.295494795
C -0.816590071 0.173719153 3.426738024
Na 1.134023309 -0.970582604 -2.697835207
Na 1.970870972 -1.859503746 -3.150430441
S -1.293121815 0.661600590 2.582123280
C -0.217199996 0.988113284 -2.005570889
C -2.002176046 0.148585632 1.977545381
C 1.247939587 -0.129266679 1.802513242
C -0.629430234 2.447081089 0.016939642
P -0.246164232 1.068160295 1.533243299
S -0.366734594 0.087635934 -1.386914611
C -1.856059551 1.495362759 3.079763174
C 1.025558591 2.080841064 0.242294028
S 0.373354822 -1.192205191 -1.668589473
