20

S -0.596729696 0.079520531 0.488910705
S 1.811508536 -0.279015601 -0.609874189
C 2.450336218 1.699318647 -0.311934203
S -1.501730680 -0.574575961 1.555934668
C 2.846449375 -0.518316329 -0.532251775
Na 1.266611934 -1.368206859 -0.836258292
S 1.766188383 0.987137735 -0.550350368
C -0.777595758 -1.064775348 2.226616383
P -1.132275939 0.186140344 -0.629660010
C 0.553297698 1.578690171 -2.052807570
C -2.710814238 -2.248804808 0.174828306
Na 1.437971592 1.066926837 -1.912300348
S 0.865951598 0.624313295 0.628116012
C 1.478523850 0.228215158 1.466113806
C -1.637190700 -0.381228834 -1.191550493
C 1.730638862 0.430305511 -2.681986094
C -3.634218216 -0.919187903 0.754142225
S -2.632276058 -1.335845828 0.836162388
C -2.010205746 0.223604396 2.202841043
C 0.425558656 1.585784078 0.975307465
