20

S 0.286029130 -0.659000397 1.179818273
Na -1.004085898 -3.952355623 2.515393734
C -1.558972120 -1.085148931 1.661608934
S 0.261035502 0.775787234 1.481546283
P -0.625931740 2.212049484 -3.897905350
S 0.745749116 -1.740588903 2.062831402
C -0.529575884 1.437574506 1.223852158
Na 1.546444654 -2.518430710 2.629051447
Na -1.255817294 1.360652804 -1.312196374
C 0.010034058 -1.478393316 -0.763665795
C 0.988261998 1.227398038 2.109315157
S -0.869333863 -2.972718716 1.974712133
P 0.383739620 -0.564913154 -0.253839701
S -0.691574335 -1.700706363 1.707140207
C 1.094536901 1.828807473 -1.538012147
C 1.778661609 0.776890934 -0.423542053
S -0.578780293 1.715484023 -2.771104574
S 0.764667034 0.797828674 -0.863036156
W -0.504422963 3.314304590 -5.036872864
P -0.240665272 1.225477934 -1.685094953
