22

S 0.393044561 0.415271044 -1.970539093
C -2.280940294 -0.047615405 -1.005586982
P 1.107291579 -1.747177005 1.152581573
C 0.531421065 -0.682808459 -1.885197401
C -0.296866834 -2.522792578 2.350012779
C 1.347524881 0.905677795 -1.778765321
S 0.151645049 -1.474978089 2.190094948
C 1.801133513 -2.020357132 0.536022604
S -0.222746193 0.539800882 0.404558212
Na 1.737206101 -2.897182226 1.408859611
S -0.584280252 1.078214288 -1.001140714
C 0.872600734 -1.262042403 3.065187454
C -0.575640678 1.162454963 1.244436502
C -0.916022122 -1.029604554 0.088075005
C 0.915550351 0.724110782 0.664963782
C -0.176572740 4.142074585 -2.062481880
C -0.096835345 0.667843759 -2.938907623
C -0.735000670 -0.883381248 2.677136183
S 0.081716835 -0.854216337 0.888842821
S -0.783090711 2.298480511 -1.478063941
S -1.401924372 0.114990629 -0.576506078
Na -0.869214118 3.373235226 -1.973582864
