22

S 0.674394786 -1.187581778 -0.083059929
C -3.233987331 -2.248329163 0.009570401
S 3.279582024 3.168323994 -0.460254550
S 1.538653731 1.216767430 0.627054095
C 1.995595098 -2.522191048 -1.321075797
C 1.454644799 -0.625918031 1.645809650
S -2.204465389 -0.361276060 -0.174415231
C 0.628499448 2.035316944 1.252813578
Na 3.354799747 2.679658413 0.402148277
S 1.211782813 -0.189195648 0.690828860
P -0.506144345 1.364473939 1.387099266
S -3.114136457 -1.443517447 -0.649562418
C 3.383098364 3.974289656 -1.123974442
S -0.836332321 -1.509604812 -0.373118788
C -0.982789636 -1.797546029 -1.427711606
S 2.497601748 2.028307438 0.300107181
C -3.752586603 -1.470050812 -1.507190347
S -1.258336306 0.453178734 0.845136642
Na 1.629176617 -1.986205935 -0.591601968
Na -2.290277958 0.165441334 1.041145802
C -2.517201185 0.571554542 -0.861417174
C -0.951571345 -2.315895319 0.371668577
