21

S -1.186760306 -2.131905794 0.770411730
S 1.372249842 -0.926091731 0.514373541
C -1.349625707 -2.211472511 1.850760221
S 0.241381153 0.475652486 -0.444465578
C 4.659420013 3.427438974 -0.256022990
Na -2.937048435 -0.555900037 -1.646381259
S -2.266300678 -1.354674101 0.332032055
C -3.262617826 -1.345413685 0.738940239
S -2.048831224 -0.415786624 -0.734373510
Na 0.411652207 -2.033753633 0.546231806
S 1.443166018 0.531024814 -0.000471284
C 4.360026360 1.340224266 0.980835795
Na 2.604722261 -0.987235188 0.988351762
C -2.738033772 1.244842410 -1.988067269
P -0.819910407 0.036283769 -0.742250443
C -1.709136724 -3.009325743 0.216613859
Na 3.967110395 3.185232639 0.273739517
P -3.116714716 0.531914830 -1.378604770
C -3.667215824 0.989126980 -0.611630082
S 3.568243504 1.905955434 0.431315571
S 2.474223852 1.303862453 0.158661172
