23

C -1.132905126 -1.447084188 -1.993891239
C -0.801327646 -2.168931007 0.002734386
Na 0.505448699 2.425776243 3.074295759
S 0.668015957 1.778335214 -0.489128381
C 1.394075155 0.197741106 0.558526337
C 0.595672727 -0.771927774 -0.049046990
S -0.251973003 -1.838420272 -2.318901300
C -1.687357187 0.332850248 -0.434316784
C 0.591343284 -1.748275638 -1.805859447
C -2.059897900 -0.674425900 0.872785270
C 0.281159759 0.447050422 2.651649714
C 2.605259418 1.592452288 -1.125471115
C -0.056321926 -1.313183069 1.271955252
C -1.380760312 0.464791715 1.325273395
S 0.883883476 1.284600616 0.810731471
C -0.454409927 0.018069617 -0.026951846
Na 1.708092332 1.850768805 -1.371385932
C -0.259485811 -2.340172052 -3.273126841
S 0.032228582 -0.494287908 0.367326558
S 0.604521692 1.430271745 2.213295937
P -1.203089595 -0.075774945 0.470156342
S -0.344733268 -1.160974026 0.217679843
C -0.237439141 2.210750103 -0.948330283
