20

C 0.295817435 -0.876849651 -1.655365705
C 1.006563783 0.589930713 2.017742157
S 0.404593080 -0.228266001 -0.780849695
S -0.076921880 -0.478152186 0.505849004
C -0.532255590 -2.696010113 1.367482662
Na 0.401526570 -2.363008976 1.824413300
P 0.478716731 0.375408918 1.226468205
C 0.137170225 2.426786900 -1.352847099
Na -1.608284116 -0.406558931 0.997282207
P -0.534052908 1.819033146 -1.174288273
Na 1.707170606 -2.264167070 -0.012382551
Na -2.222889900 0.588507891 1.580157280
S 0.312462717 -2.084386349 0.428515196
C -1.628987074 1.414574862 1.813313723
C 1.627398968 0.773973882 -1.955555677
S 0.971068680 0.988765538 -1.083331108
C -0.887056291 1.906336546 -2.255762339
C -0.197429299 -2.670241594 -0.432667404
C 1.718176126 1.521542668 -0.413546503
C -1.372788310 1.662779570 -0.644627869
