21

C 1.027914166 -0.205402195 -1.990596175
S -1.716687560 1.797392368 1.334811926
P 0.557289302 -1.259082317 -0.374897420
S 1.087215543 -0.363553405 0.477892280
S 1.666629314 -0.163970396 1.638642311
C -2.824483633 0.258897185 -1.175921679
C -2.318214655 -1.367419481 -0.920445919
S -0.959378719 1.359418511 0.310192227
S -0.762496829 0.544959784 -1.171829104
C 1.335385203 0.374292910 2.457710266
C 0.139019787 -2.163414001 -0.636370778
C -1.426141977 1.455401182 2.272644281
C -2.557794809 2.440079212 1.360390663
P 3.725931883 -1.152778506 1.501186371
C 4.573907852 -1.704948664 1.384156585
P 2.517165184 -0.755406141 1.201429367
Fe -0.743868053 1.756005168 -2.600431442
S -2.030455351 -0.402286470 -1.452666163
S 0.015979389 0.626726627 -0.096602619
C -1.789293766 -0.860884666 -2.454607487
S 0.482377410 -0.214026287 -1.064687967
