25

C 3.226741791 -0.636189342 2.845352888
S 0.686491907 -0.054221701 3.109288216
C -0.503316641 1.567542911 -3.809355259
C 1.257252693 0.869386613 3.393179893
C 0.874930441 0.471412748 -3.742167950
S -0.039251782 0.739476144 -3.200790167
C -2.629346371 -0.791865528 -0.691255331
C 1.168606043 1.220093489 -1.637398243
S -0.647549927 -0.350270152 0.593089938
C -1.502390265 -0.317935616 1.331683993
S 0.571990967 0.076833554 1.423787236
Na -2.322870255 -0.386064142 -3.509275436
P -2.074747324 -0.044248451 -1.198944330
Na -0.545688272 0.217222497 3.497141361
Na 2.706824780 -1.043978810 2.131534338
S 0.120968461 1.016177416 -1.677692771
S 1.397237539 -0.860201240 1.858061910
C 1.260611892 -1.868438601 1.346709013
P -2.015038252 -0.313265145 -2.555124283
C -0.462753385 1.703055978 -0.857342720
C 1.011793256 -0.908352911 3.825528622
C -0.641514421 -1.481569529 0.440447688
S -0.791884124 0.378437430 -0.678751826
C 0.987084091 1.048467875 1.117879152
P -1.094182253 -0.251505107 -3.355585575
