24

C -1.416821599 -0.117682360 2.125201702
C 2.159295559 0.836609125 0.721835196
S 0.498576105 -0.280194700 -0.345728338
C 4.299129963 0.709591329 -1.435122967
S -1.361415982 1.443506956 1.032652020
S -1.238512635 -1.390664816 0.302531481
S 1.649465322 0.312197715 -0.088644691
C 0.785396218 -0.605469167 0.870847166
S 3.300205946 0.761295915 -1.680099368
C -0.852117419 -2.442114830 -1.155678988
S -0.163767964 -1.655798078 -0.639867127
S -0.281306148 2.239103794 1.088905096
S -2.183255196 -0.585040808 -0.120311342
C -2.210424423 2.034698486 1.077001572
C -2.238311291 -0.272421777 -1.110925794
S 2.491528034 0.495195001 -1.148911715
C -1.374735475 -2.175281286 0.997247159
S -1.481485248 0.017920110 1.064700246
Na 1.010902286 -2.200576544 -1.087309361
C 0.007808478 0.450382799 -1.060088634
C 0.229645312 2.802545309 0.323093504
C 1.473761916 -2.167055845 -1.874358416
C 0.106104657 2.442976952 2.078298092
C -3.209667683 -0.653722763 0.064733267
