24

S 0.446224362 -0.441371620 0.356763601
C -1.434596181 2.807397127 1.082742453
S -0.675514281 2.205927372 0.437542439
C 1.252570987 3.573484421 -0.120372795
C 0.475470752 -2.844484329 0.460898876
C -1.578259945 -1.574019313 1.136616111
S 0.337583601 2.987690449 -0.437222630
C 1.535434365 -0.282172769 0.434710383
C 1.392381191 -3.143719912 -1.879189134
C -0.095580831 0.005466236 1.532771826
C -1.621640444 -2.340994358 -0.404300302
C -0.761888504 -0.161418125 -1.438877344
C 1.351478338 -1.132270932 -2.115737915
S 0.974998713 -1.987588286 -0.058147412
S 0.223273620 1.139353633 1.177229524
C -2.346307278 -0.539560437 -0.083810247
C 2.058485985 -2.251956940 0.190237686
C -1.727494717 1.702551842 0.123373188
C -0.054836754 1.596028209 2.179270744
P -0.563411236 -0.569492757 -0.556260705
S -1.589532971 -1.313012838 0.057168446
C 1.270916820 1.490962029 1.063984036
Fe 0.803102016 -2.116919756 -1.634226561
C 0.327142209 3.190121174 -1.505164146
