24

C 0.265693426 4.105822086 1.961520433
C -0.002577508 4.269955158 0.326187462
C 2.375607014 -0.864757359 2.609309673
S -0.879566371 1.179819226 -0.280307680
C 1.068670511 3.078019857 0.318540961
S -0.554286122 0.038681686 -0.285054088
S 0.450438976 3.547747850 1.038653851
P -1.022890329 -2.590519190 -2.563845396
C -2.550360680 1.332015634 -1.871408463
C -0.909796298 -3.158119440 -3.331930161
Na 0.832514524 -4.292593479 -1.709248424
Na 0.555548728 2.589397192 2.084631443
S 0.762992918 1.457654715 2.016052485
P 0.217024684 -1.157747149 0.171054438
S -0.027355973 -2.101037741 -0.817484856
S 1.571976900 -0.695933700 1.982836723
S 0.990395427 -1.624788046 1.164635420
C 1.133916020 -2.650619984 1.336187124
Na -2.409189701 0.378668725 -1.819718719
C -1.209074020 2.052115202 -0.293954074
S -1.384376168 -0.274621069 -1.309584856
P 0.461998165 -3.376848698 -1.088575244
S 1.158751369 0.436465651 2.057605267
S -0.896055520 -1.678775907 -1.696104288
