24

Na -0.010750711 1.861481786 1.307249665
S 0.405656070 1.073494077 0.183150679
C -1.536199689 1.840176105 -1.092289686
P 0.675640106 -1.258542061 -1.308077097
C 2.177192688 -0.119777389 2.640804291
C 2.331096172 1.774779439 0.806649387
C -2.795408487 0.969499707 -1.498568177
C 0.529434800 1.620772243 -0.787634552
C -0.667223334 2.519596815 1.228364348
C 2.563202381 0.442828119 -0.285842359
C -0.807074666 -2.223424911 0.844623983
C 1.040536404 -0.592952490 -1.996264100
Na 1.067206264 -1.395633221 1.870669603
S -1.800992370 -0.529154897 -1.909696341
C -1.423573017 -0.516095757 -2.914500713
S 1.847932577 0.769185185 0.527992666
C 0.804457247 -2.576173544 1.816374302
S 1.696162224 -0.237397134 1.705977440
S -0.810925424 0.170091614 -0.044649150
Na -2.301068783 -1.644701123 -1.559224725
S 0.182671458 -1.779641390 0.974926889
S 0.047408182 -0.988322556 -0.194274932
S -1.738860726 0.685349941 -1.139921784
C -1.476520777 0.134560883 0.824160457
