20

C -0.537009537 -1.269909501 -0.198377877
S -2.147977114 0.728301108 -0.005117428
C 0.104818098 2.097742081 0.286936164
S -0.185043380 -0.452229142 0.791754663
C 2.405857801 0.795049965 -0.798663199
S -1.201678395 -0.229885489 -0.899415493
C 1.950072050 -0.738519967 -1.590604782
S 0.153359279 1.009136438 0.191689372
Fe 3.137814999 -2.301525593 0.799733579
S 0.221633539 0.283418030 -0.722427309
C -0.763204575 -0.096324220 1.754696012
C 0.173795208 -1.390907526 1.466759324
Na 2.263428688 -0.014881762 1.660625577
C -2.069002628 1.399541736 0.890402913
C -2.313793898 1.507212758 -0.768934548
C -1.969689727 -0.751219153 -1.478422403
C -2.896061659 0.013452962 0.445494920
S 1.792334318 -0.088651732 -0.703908980
C -0.381469250 0.246832788 -1.697597504
P 2.261816025 -0.746633530 0.575377047
