23

C 0.877566636 -2.213016272 -1.257914305
C -2.282096863 -2.360250473 0.262264669
Na 0.820787668 1.817833424 -1.459625125
C 1.664542437 0.485215336 -0.438024282
Na 0.085069247 -3.747532845 -0.446212471
S 0.607771397 2.256518126 2.322458506
C 0.104631551 2.325417519 -1.755640745
C -0.297031075 2.620538950 0.395882428
C -0.061193869 -1.167485714 0.870021462
Na -1.632921338 0.182967752 -1.624178171
S -0.563457012 -1.350370169 -0.035934921
C -1.966477513 -2.571748734 -1.373018265
C 0.579353392 1.739082575 3.115456104
C 1.844007969 2.617255449 0.145762384
Na 0.725024045 3.244536400 1.961517692
S 1.354552031 1.451323152 0.077271320
C 0.046952348 -4.263391018 -1.273103237
S -1.258054495 -0.074369028 -0.506075025
S -1.510818124 -2.309670210 -0.456377596
S 0.708156466 2.395448685 0.803321004
C 1.713189960 0.842726052 1.093614459
S 0.007886451 -2.463537455 -0.693051219
C -1.567440987 0.542506695 0.271585971
