24

W -2.411378145 1.432439446 0.495597988
C 1.538878679 -1.103734136 2.576664448
Na 3.588228703 0.574297905 0.835574925
Na 2.190310717 0.824771106 3.020420790
Na -2.996102810 0.541977108 1.627802968
Na 0.094406962 -3.333648443 0.014262824
Na -0.499847889 0.521226108 -2.065187693
Na -2.197855949 2.216277122 -3.217841148
C 2.314599276 -1.618569136 0.663826883
S 2.643793821 -0.490777135 0.692587197
Na -0.592890620 -1.018276930 0.988565505
S 1.656246185 -0.145496979 2.096803188
W -0.513569415 1.814709902 1.826680899
Na 0.388178498 0.487409234 1.694421768
W -2.631309748 -1.104573846 -1.233996630
Na 2.733243704 -0.308407962 -0.636571586
S -1.792968512 1.044134140 -2.470715284
Na -2.031961918 0.989989460 -3.723930120
S -0.053118285 -0.252530485 0.307918042
Fe 0.506311715 -2.706808805 -1.136346698
P -2.686295986 0.814218760 -1.293767929
Na 0.179613903 0.162545770 -0.908352077
Ca -4.054567814 1.108065963 -1.615927100
Fe 4.628055573 -0.449238211 1.461508512
