23

C -0.932075262 0.266500175 -1.805571675
P 1.034056783 -0.095569089 -0.141323268
P 0.125650048 -0.349807858 -0.050970513
Na -0.378478616 0.268790752 1.210224271
C 0.800552130 -0.197109386 0.594406366
C 1.742793798 1.274992585 0.897568285
C 0.183327615 -2.480480194 -0.690856755
Na 2.246043921 -0.997268796 -0.352043599
P 0.372130811 0.178088322 0.928987563
C -0.656109810 -0.514116645 1.771623850
C -2.542961359 2.551696301 0.616202474
Na -1.198930144 0.869320095 0.296909690
S 0.958688140 -0.921218574 -0.075463481
C 1.276746154 0.645415068 -0.832041740
C 2.286824703 -1.833306432 -0.888534546
C -3.051653862 1.560795903 -0.751937151
S -0.985769928 -0.109592192 -0.740372837
C 2.550466061 0.979962885 0.800246775
C -1.559053898 2.571541309 -0.944520354
S -2.124864578 1.921526551 -0.215780035
C 0.894843280 -2.511194706 0.965314925
C -1.581061125 -0.975781083 -0.718107045
S 0.538834453 -2.103184938 0.126038745
