21

C -2.490880013 1.799753785 -1.386786103
P 1.734198570 -1.733380795 2.050946712
S 0.584609807 -0.084522352 0.255451083
S -1.541776061 1.119387627 -1.584102154
C 0.647441924 2.326428175 -1.078569531
S -0.394606382 0.821809113 -0.622998178
Na -0.822496295 0.545480549 -2.790174007
C 0.228315055 -2.483262300 0.413090140
C 2.345381021 -2.371954918 1.638918519
C 1.523093939 -0.534590900 -0.300976634
C 1.715321183 -1.150973320 2.782357216
C 1.034525990 0.659117222 0.964989483
C 0.289628088 -2.940240145 2.313122749
C -0.689039946 2.669319391 0.150715500
C -2.410591364 0.383447975 -1.920681953
Na -1.021938801 -0.891873479 1.604311824
S -0.506059647 2.194117546 -0.896958113
S 0.621429205 -2.263903379 1.597548842
C -0.847544968 3.121544123 -1.488087058
C -0.023236172 0.022201380 -2.656777143
S 0.024225246 -1.207904458 0.954658329
