21

S -0.108031824 0.952129960 -0.185250595
S 0.997450411 -1.374477386 0.237828255
C 1.559086204 -3.049655914 -0.774765193
Na 0.648134172 -0.201512754 2.178536654
C 1.924457788 -0.914451241 0.307323188
C -0.871327996 1.358461022 1.735034466
C 1.187033534 0.404532373 2.543182135
C -0.304777801 -2.140858173 1.387063622
S 0.899873734 -2.324904442 -0.786168516
C -0.115609176 -2.735101223 -1.678135276
C 1.153884172 -1.121989965 -2.198728561
C -1.968831182 3.267910719 -0.310128629
Na -0.068955034 3.341921329 -0.541524708
Na -1.923139453 -0.782551169 -1.285586476
S 0.414695948 -1.552231073 -1.536951184
P 0.276035011 -1.215691924 1.415853977
S -0.635750830 1.616895556 0.709084511
Na 0.012109343 0.659032464 -1.327126265
C -1.360107660 3.501067877 1.221267223
S -0.678183675 -0.669543386 -1.370556235
S -1.038045406 2.981017113 0.259747475
