21

S -0.049342535 1.923179507 -1.569066286
P -1.018930674 -0.123729981 -0.024418209
Na 2.974041939 -1.728383422 1.535300612
Na -1.685193181 -1.638718247 2.004868746
Na 1.016452312 -1.658284068 2.439617872
C 1.626509190 -1.871111870 3.323282480
S -1.828418970 0.593576908 -0.934764326
C -1.539065838 1.552529097 -2.892858028
S -1.493247628 1.741219044 -1.791752815
C -2.772630692 0.259362757 -1.153574347
C 0.504254282 2.581293821 -2.184338331
S -1.044515848 -1.387062907 0.877085507
C 2.484109163 1.331371427 -0.037360381
S 1.523063898 0.918691814 -0.190438315
S 0.453422785 -1.062312722 1.050269961
C 2.047592878 -1.763849854 0.023239901
S 0.577120721 1.251242161 -0.639261365
S 1.783826590 -1.584200740 1.160497427
C -1.480184317 -2.272052526 0.254091471
S 0.283038110 0.064371847 0.166590273
Na -2.361901999 2.872868061 -1.417012095
