22

S 1.728665471 2.793991804 -1.250786781
Na -0.630392313 -1.099247694 3.019657135
S -0.360330462 1.248512387 -1.322876573
Na 0.678541243 -3.038408279 2.751520157
Na 0.778887749 3.510876656 -0.824955165
Na 1.924618840 1.474697232 -1.593443871
C 0.653512776 -1.434591055 -1.817549586
C 0.560828805 4.161888123 -0.186724901
C 0.432303935 -0.960479677 0.642786264
Na 0.629803061 -0.608184516 -2.090396404
Na -2.774304628 -1.628710389 1.020012498
C -1.432774782 2.415762901 -0.175904945
P -0.054738153 -2.025978804 2.286348820
C -2.464903831 -0.996877491 1.409046412
Na 2.971870899 0.692492843 -1.425495148
Na -1.240637660 1.849709153 -0.905574501
S 0.115773559 -1.845370412 0.949024498
C 0.039089058 -2.544695377 0.209877983
C 2.547637939 3.509039640 -1.281602263
S 0.704732180 0.636227489 -1.658675909
Na -2.628967285 -2.819974899 0.719603658
C -2.179216385 -3.290678978 1.526109099
