20

C 1.746181726 0.205761895 2.237489939
S 1.639593959 -0.077003673 1.241398335
S -1.904732823 0.318078965 -0.145920783
S -2.941624641 -1.092865109 -1.912537456
S -2.636901617 -0.793374240 -0.554974794
S -0.575034738 0.534676671 0.103961453
S 0.404087901 -0.422685981 0.620781600
Na 2.714862108 -1.002081275 0.973911345
Na -2.161514521 -1.819597840 -2.631066799
C 2.682060003 -1.823224425 1.601598501
P 0.084678486 1.582014441 -0.215865955
C -0.004132818 2.467021942 -0.588818192
C 2.883272409 1.953217745 -0.357830852
C 0.161362752 -1.414511442 0.646364093
C 3.619129658 -0.563292861 0.668550432
C -3.817326307 -0.705629528 -2.498813868
S 1.114698887 0.990527749 0.383173704
Na 2.197490215 1.824882865 0.245522276
C -2.328649998 1.271451235 -0.078670368
C -2.877501011 -1.433366656 0.261747062
