21

P 0.665321112 0.953024447 -0.532535315
P 1.673868060 2.412134409 -0.938490748
S 1.201699495 0.751084089 -2.824706078
Na -2.133218288 -1.967306852 0.714431107
Na -1.357585073 -2.363590956 3.419330835
P -1.130189776 0.124570996 0.307600349
Na -1.168792486 -0.333448768 3.119538546
S 1.185986757 1.329752684 -1.425818205
C -0.328664631 -2.583546400 1.025935769
Na 1.597300529 -0.506269515 -2.846337080
S -0.757723927 -1.480946064 2.697509050
S -1.864524603 -0.898212910 -0.153741255
P -1.069712281 -2.118150711 1.541922092
S 0.027133482 0.875668466 0.506850660
C -2.361519098 -0.900299788 -1.163400531
C 1.926392078 1.392836213 -3.403194904
P 1.153616905 1.560615897 0.018373573
C 2.280491352 3.116100788 -1.107063532
C 0.174221799 0.790353775 -3.270512819
C 0.386034191 -1.337881923 2.767896414
C -0.100135446 1.183512092 1.546412587
