21

S -2.094240427 0.668927252 -2.716545105
C 1.532838821 -0.635996819 3.567580223
Na -2.950808525 -1.485767365 -3.285350323
P -0.709821105 1.783332467 -1.227951646
C 4.153519154 -0.236895651 2.750904083
Na 2.065883636 -2.128692150 2.345031738
C -1.989116430 1.342851520 -3.502805233
P -0.238806739 0.552737057 -0.537505507
C 0.843185782 1.064006090 2.013400555
Na 2.719972372 0.293768704 1.335643053
C -0.449979991 2.620746613 -1.727334738
C -3.699170113 -0.226216361 -1.931523204
S 0.446946234 0.294014215 0.480852067
S 1.276187301 0.155146182 1.573481560
Na -1.277387738 -1.515361428 -1.120619774
S -1.178050995 0.831253052 -1.580553651
Na 3.893596172 -0.155063197 1.900570631
C 0.308760762 -1.506596684 2.734715223
P 1.279399276 -1.050670028 2.615937948
S -2.923625469 -0.381001681 -2.614678621
S -1.009279847 -0.284521282 -1.073247075
