22

C -0.062299382 -3.199812412 -1.863390207
S -0.223939002 -1.315135956 0.345672905
C -1.647533059 2.030595779 -0.922796011
C 0.833982289 -0.545982838 -1.949068904
S -0.311614811 2.168739796 0.647712350
S -0.987770677 -2.515020132 0.871329248
S 0.458671242 -0.041337095 0.057838909
C -1.200865746 -2.702823877 1.944784522
Na -1.493572474 4.170855045 0.500327051
C -2.429018736 3.993814468 0.652174950
S -0.750617266 3.403559208 1.304279327
C -1.736644864 -3.035617113 0.294282496
C 1.533021212 -3.654708624 -1.175516605
C 1.644104838 1.324833870 1.093590617
S 1.183730960 -0.314844072 -1.030139089
C 2.986348867 -0.960735023 -1.359153509
S 0.671999633 1.186686397 0.693238020
S 0.606837213 -3.091013908 -1.059528232
Na 2.513645887 -0.184991598 -0.929508865
C -0.623949885 3.843419552 2.219807863
S 0.074876279 -2.478598595 -0.004181379
S -1.039392471 1.918117642 -0.331755161
