21

C 0.720933437 0.299429387 2.218422413
C -0.229244933 -0.263293684 2.413616657
P 0.634495854 -1.017251372 -1.257373333
C 2.042147875 1.452933192 0.232044637
Na -0.966711462 2.298934460 2.415645123
C 2.830565453 0.060285654 -0.475148439
Na -0.884503663 -2.693181753 -1.066751838
S 1.919011116 0.658151865 -0.542948186
S -0.559709549 -1.699100018 -1.767118216
C -1.485281229 0.134628117 -0.564561427
C -1.606366873 -0.798382163 0.734340549
S -0.666193068 1.658939838 1.282771230
S -0.067372032 0.321504563 1.268142104
C -0.507027447 -1.212088943 -2.764674425
S -0.874522924 -0.193371862 0.230919421
C -0.808513999 2.099105597 0.344205141
C 1.383614898 -1.497588992 -1.644661307
C -1.668539524 -2.273417234 -1.942943931
S 0.552731276 -0.031945277 -0.185896486
C -1.676025629 1.683121204 2.701481581
C 1.916512251 1.012586832 -1.629509926
