20

C -2.058159113 -0.913720787 -2.022630692
Na -0.988079071 0.559282899 -1.533921599
S -1.683760881 -0.300771147 -1.173054814
S -1.706706524 -0.059383500 0.511823058
S 1.131366491 -0.103200704 -0.680848241
C 0.849027574 -0.347636670 1.538741469
P -1.939970732 1.317286015 0.835271120
C 3.263931513 0.365041137 1.205098510
C -1.651972413 -0.745757461 1.389511943
S -0.440614760 0.117242850 -0.380072117
Na -2.109703064 1.592513919 1.816619515
S 0.713282287 0.176657036 0.600467443
C 3.765883684 -0.022142099 -0.411579549
C -3.429910660 -1.193467021 -0.060040973
C 1.533281803 -1.093149066 -0.088023223
C 0.823584139 1.135822892 1.046819210
S -2.623687267 -0.685845137 -0.239514485
C 1.633173943 0.862051725 -1.096823335
Na 3.605208397 -0.060075149 0.480877548
C 1.313825846 -0.600749731 -1.738720894
