21

S 3.181531668 0.892821968 0.328070015
C 2.869398832 1.378416657 -0.911255062
C 0.688809395 1.285362959 1.112013698
C 1.013994217 -0.389926046 -1.788065553
S 0.855989456 0.201495215 -0.892809212
S -2.140649080 -0.006048514 -0.892089009
C -2.775223732 -2.191980124 0.224230975
S 0.783657789 0.829128325 0.139326051
C -3.985705376 0.116830744 1.518453836
Na 4.013904095 -1.186045051 0.657366216
C 3.309044838 1.455747128 1.262850761
Na -3.480746031 -0.625535011 -0.974052250
C -2.101675272 0.756150544 -1.628058195
C 5.135907650 0.386035353 0.057850577
S 1.990095019 0.813937306 -0.296621799
P -1.432364106 -0.419477373 -0.137354851
S 4.210792542 -0.023155177 0.328860790
S -3.963612556 -0.785791695 1.013864040
C -4.795966625 -1.388062119 1.253833890
S -2.968155622 -1.164316297 0.031737618
S -0.409026593 0.064411134 -0.408152282
