21

S 0.228511333 -0.869271457 -0.208395168
S -3.185011148 0.261597842 0.595504999
C -2.488610744 1.059401870 0.100105755
Na -1.057081699 1.851394176 2.285172939
C 1.302526474 -2.132194042 -1.445033312
C -2.030292034 -1.740969181 1.002219915
S 0.268914133 0.336824626 0.986097574
S 2.514795542 -0.516133308 -1.693690419
Fe 2.281893253 0.304408431 -0.439653456
C 4.240760326 1.137882948 -1.115142226
C -3.476854801 -0.062682524 1.670972586
Na 3.402139664 1.368098497 -0.672077596
S 1.281576633 -1.131225109 -0.996573448
C -3.986586094 1.195517421 0.614392459
Na 1.739003181 0.348489434 0.981226683
Na 2.500607014 -0.059732012 -3.003838301
S -0.720720887 -0.409593999 0.693777561
C 3.412993431 -1.143109202 -1.629586101
C -3.638852358 -0.346492678 -0.225902244
S -0.503612399 1.240489364 1.645478606
S -2.086098433 -0.692701101 0.854943633
