23

C 1.329568267 2.659889698 0.091871865
C -0.947866797 1.892228723 -2.709436655
C 1.486809373 2.425297260 -2.522217274
S -1.180303216 -0.598931491 -0.433558017
S -0.769739151 0.740684092 -0.661864698
C -2.089534283 -2.235790730 0.641272843
S 0.515379906 0.520903766 0.012459936
C 0.118753508 -2.710984707 2.632162571
S -1.454451323 -1.351739168 0.773772299
C -1.710663915 1.310263157 -0.294583619
S -0.054588072 -1.739585876 0.828830421
C -1.715129018 -0.942181587 -1.299257874
S 0.937006891 -0.504829288 0.780827999
S 0.893381715 1.947840214 -1.780037880
Na 2.798984051 1.224320173 -0.388678491
C -2.396048069 0.217192054 2.012003422
S 0.197783560 -2.281802893 1.959110498
P -0.366697907 1.409811378 -1.912881374
Na -1.982148647 -0.700824797 1.985088348
C 1.860221028 -0.599024177 1.335696697
C 0.083045140 -2.746122599 0.158399522
S 1.396258831 1.677366376 -0.437324166
C 3.049978256 0.386020333 -0.771656394
