23

C -0.831496000 -1.256425142 -2.452232599
Na 2.283202648 0.418874264 1.454652786
C -1.283470869 0.011170381 0.869639277
S -0.427787006 -1.053419590 -1.328920603
S -0.248719245 0.094015360 -0.329201013
C 0.807258606 2.013171911 2.679372072
C 1.942553759 -0.730387926 -1.280248284
C -1.041309953 1.899993420 0.848586440
S -0.675563335 0.917219520 0.869350970
C 1.573481083 -0.026388841 3.261578321
C 1.081519604 1.564850330 -0.798365533
C 0.853580177 -1.798590541 0.278032124
S 0.123860002 1.124098897 2.362044811
S 1.092886448 -1.387168646 -1.282068968
S 0.126433849 1.217581630 -0.926013768
P -1.900173068 -1.059933901 -1.842947960
C -2.652480125 -1.764309883 -2.018657923
C -0.359357178 1.683067083 -1.747653961
Na 0.084889933 -1.382568955 -0.439382344
Na -0.829150081 0.980237961 3.226260900
S 1.425232887 0.602431953 2.404656410
Na -2.520927906 0.041323122 -1.756745934
C 1.375535965 -2.108842134 -2.051734686
