24

C -3.943470716 0.163036600 1.201470375
S -1.850684166 0.865471661 0.902808189
C -3.312150717 -0.127140462 -0.473024219
C 4.375598431 -0.405274272 -1.993415236
C -1.005680323 -0.445858717 -1.080318689
Na -2.661219358 -1.406113863 1.023404360
S 0.795333385 0.728048623 -0.203649685
C 1.757820010 1.312697172 0.250977308
C 0.513407171 1.433010578 -1.070494294
Na 4.554406643 0.293014199 -1.237918735
S 1.637690067 -0.352859020 -0.392566979
S -0.037792962 -2.102245331 -0.600727499
C -0.063818842 1.814888477 1.168107986
Fe -2.006287813 1.249047995 2.680517197
C 3.896483183 1.089590669 -1.309901595
S -2.981936932 -0.162791222 0.638487399
S 2.482003212 -1.033375025 -0.471944422
Na -2.664882421 2.493337393 2.651645899
S -0.406840980 0.866534531 0.576520741
S -0.027136927 -0.501218498 -0.472524136
C 0.854314089 -2.726662397 -0.344466895
Na -0.914341927 -2.894500494 -1.087681174
C 3.156740904 -1.818048716 -0.499674261
C -2.147552729 1.667409539 0.144368514
