24

C -2.823895454 1.717163682 0.507698834
C 0.030016119 2.250863075 0.192133173
S 0.516251385 -0.340844333 -0.902611613
S -0.467182964 -0.993364632 -0.153867960
Na 0.605010867 -4.845206738 -0.250953317
C 1.945179224 2.382121801 1.715814710
S -2.580146313 0.642557323 0.181718588
C 2.273648500 0.592572629 -0.523636937
C -0.755978584 0.215234846 1.401498318
C 2.709177971 3.940729141 1.476426125
S 1.079766273 -3.620354414 -0.003564527
S 0.229555964 -2.603170633 -0.120883249
C 2.072515011 -3.462740660 0.313009650
S -0.847563624 -2.362246752 -0.267480105
C -1.550050378 -3.037497282 -0.552415669
C 0.631777763 -0.853193283 -1.802091837
C 3.070887089 2.609083414 0.386087179
Na -2.728856087 0.645496845 -1.239212632
P 0.617848277 1.872843385 -0.453573495
C -3.351829767 0.113612995 0.694252551
C -3.138572216 1.434830308 -1.737359762
S 2.531247616 2.962713242 1.158358693
S -1.292744994 -0.016768321 0.547185659
S 1.223938107 0.755564392 -0.566532135
