20

Na -1.351937413 -1.620106816 1.510236382
S -2.045086145 0.857025027 -2.898413420
Fe -1.489962816 -0.596338034 -2.531217575
S -1.814750075 -1.194228053 0.135618135
S -0.122967623 -0.758011580 2.090277910
S 2.527126312 0.745018959 0.506579161
C -2.457883596 1.573275805 -3.315328836
C 2.933498621 2.193382978 -1.019722819
P 0.371189624 -0.117444254 0.999472439
S -1.116531372 -1.399981976 2.755869627
S 1.166902542 0.822033048 -1.417646289
S 2.257158279 1.382421374 -0.711906135
Na -1.684169412 -1.745628476 3.909749746
S 1.282739282 0.466170222 0.251141459
Na -3.001405478 -1.411700487 -0.189595848
P -1.014674544 -0.552512765 -0.857425988
Na 0.967359722 1.011291504 -2.698481083
C 0.805094242 -0.412052512 2.672683477
S 0.309604406 0.090182289 -0.368204623
Na 3.478695393 0.667203307 1.176314354
