22

C -1.993411422 0.656232834 -1.609841466
C 2.010295868 -0.607342660 1.608225703
S 1.179357052 -1.223009586 0.909112990
S 0.718456566 -0.143632203 0.164005250
S -0.267469257 -1.122106314 -1.663592935
C 1.185402036 1.722729921 1.485491872
C 0.502696633 -1.640450954 1.729681730
S 0.240197018 -1.670009255 -0.334416360
C -1.014020681 2.928295851 1.502760410
Na -0.849731565 2.136089087 -2.349914551
S 0.238085687 1.177736521 1.216357827
S -0.907911420 0.989731729 -1.626391172
S -1.067243457 1.958106160 0.904938936
C 1.619003534 0.183760270 -0.440820903
C 0.016229896 0.804676235 2.248581886
C 0.406647682 -2.814263344 -0.341339707
C -0.483356267 -2.955569983 0.109348170
C 2.039210081 -1.994689822 0.754866898
P -0.313535273 1.074685216 -0.009511971
Na -0.851414919 -1.459372401 -2.674822807
Na -0.078599438 0.068646289 -2.260753393
Na -2.328888416 1.929756165 0.678033829
