24

S 0.424516350 -0.803144991 -0.191813186
C -0.556447506 -1.341420889 -2.403110266
Na 0.808931172 0.096690565 -2.831256628
C 1.309685230 -0.817419052 1.750620723
S -0.601250172 1.032951593 2.543643713
C -1.861065626 2.331935406 1.526456118
C -1.460765958 1.981547594 -0.575765848
S -0.321742058 0.695426404 1.389683127
C -2.582050323 0.006661804 -1.512700319
S 1.734319687 -0.951820016 -3.148079634
C 0.858457327 -1.813618541 -0.345856667
Na -0.741727948 1.405908346 3.754777908
S -0.033790048 -0.593870401 -1.898260951
S 0.654910624 -0.342935592 1.185769200
C 1.276740670 0.388715327 3.303215027
C 1.269274116 -1.855592847 -3.601495981
S -1.116693020 1.644570231 1.382399678
S -0.118405350 0.440329194 3.514685631
Na 2.544374704 -0.355751693 -4.146531582
Fe -2.357783079 -0.728993297 -0.650402784
S -0.971537352 1.228139877 0.086018547
C 2.311599970 -1.354193449 -2.268297911
C -0.148386478 -0.467071354 3.921053886
S -0.321165681 0.172955796 -0.784751713
