23

C 0.738394856 1.621139169 2.733763218
S 0.319520146 -1.024210811 -0.425657809
C 0.706645310 -0.388071418 -2.321177721
Na 0.949898183 -2.132075071 -2.852182865
S -2.308256626 1.964465380 0.345542938
C 1.862390399 -1.867233515 -1.239188671
C 1.659813762 -2.495481491 -3.355623722
C 1.116837740 1.178711891 -0.562308908
S 2.058605909 0.221413404 0.783612788
C 0.046877854 -2.506561279 -2.707257748
C 0.539144933 -0.105120502 2.922316313
C -1.830347657 0.251038581 1.019911170
Na -3.344299316 2.375427961 1.071164012
S -0.179315567 0.711899638 1.107974172
S 0.933769226 -1.336968780 -1.690460682
S 0.392268211 0.732261658 2.320527315
S -1.390201330 1.131854534 0.538259387
S 0.851010859 0.325891376 0.155153722
Na -1.613799214 1.896021366 -0.522898734
Na 2.837450266 0.342624009 1.196358085
C -3.927649975 1.891447783 1.743092418
C 0.344690204 -1.668625474 0.503017008
C -0.763448179 -1.119848490 -0.763935030
