24

C -1.495754480 3.506746292 0.122237593
S -0.314232588 -0.683789730 -0.130520761
S 2.387911558 -0.023209509 0.325007439
P -1.306478977 0.133323401 -0.205723539
C 4.747087955 -1.422352195 1.196559191
Na -3.838818312 3.582549572 -0.023338521
P -2.098298073 -2.913569927 -1.358733773
C -0.241343156 2.768427610 -0.669240177
P -3.939188957 3.053102732 0.100030512
P -0.931468844 -2.973452806 -0.611508548
C 1.422341228 1.734346032 0.760841310
C -2.863820553 1.122690797 -0.279555231
P 1.267230272 0.802344739 0.445645690
C -0.601553142 -3.833661795 -0.138463512
C 0.915059566 -2.045639515 -1.090438604
Na -2.945834160 -2.201157570 -1.663862228
S 0.962227523 -0.464745253 0.533885717
Na 4.198993206 -0.885976076 1.656579375
C 1.105088949 -1.105442405 1.432092190
S -1.810977340 1.297342300 -0.227020815
S 0.010277862 -1.804271340 -0.531924486
Na 3.418877363 0.146132573 1.140291214
S -1.176028967 2.568540812 -0.251935124
C 3.128701448 -0.358278245 -0.530904770
