23

S -0.833244681 2.878107548 0.702802658
C 0.883526862 -3.346838713 1.469341040
S -0.575786173 0.612475634 -0.270246714
C 1.006359935 -2.945703745 -1.410897732
Na 0.195255354 -1.062911510 1.943366289
Na -0.555537403 -3.924369335 -0.777950644
S 0.566875339 -0.409440756 -0.270160347
C 2.086857319 -1.076246977 1.220524192
C -1.871449947 2.887423992 0.581778109
Na 0.474304408 4.992160797 0.739370942
Na -1.116024852 2.376072168 -1.922678232
S 0.303430587 -2.849941254 -0.580750644
S 0.750523865 -2.622078419 0.763475716
C -0.117556602 -4.776488304 -0.504775524
C -1.436323881 -0.440179676 -0.115025535
S -0.357284039 -1.127441406 -0.856403351
S -0.938092887 1.522549868 -1.197249532
S -0.176684558 3.964165449 0.839729965
Na -0.804444075 -1.192213297 -2.067263603
S 1.010474801 -1.254179597 1.009923935
Na -0.224858910 1.642471313 0.685826600
C 1.333914876 0.190996796 -0.740611315
C 0.395764291 5.961609364 0.757873774
