24

Na -0.233529225 0.619289637 1.347531915
C 0.247624487 -3.926981211 0.401354671
C 0.303994268 0.841300845 2.111302853
C 2.250388861 0.199142531 -0.062717371
S -1.151574969 1.409524322 -2.133609056
C 0.728847146 1.970864534 -0.133799747
S 1.275971651 -1.406355262 1.261032581
C -0.736004114 3.034722328 1.191239238
C 0.113682874 -3.122359276 -1.815388441
S -1.217921019 2.829320669 0.253337085
S -1.256808758 1.803450823 -0.710092902
C -0.982965767 2.264752388 -2.727972031
C -2.228192091 1.360969424 -1.346603036
C 1.920493007 -1.426180482 -0.614878178
S 0.380106211 0.183664918 0.394982547
S 0.229600355 -2.373153210 1.445771813
C -0.336741477 -2.771064758 2.298365831
C -0.762205422 0.549013793 -2.541715145
S 1.537364006 -0.640588045 0.112115376
C 2.153707981 -1.162929893 1.871719360
S -0.207133725 1.445558071 0.060443286
Na -0.229785651 -2.528938532 -1.087212324
S 0.079370275 -2.908574343 0.211658925
C -1.878289342 3.755549908 0.213132411
