21

C -2.475105524 0.405275196 0.516662836
C 2.757254601 -1.097939730 -2.374010086
S -1.567687511 2.212576151 1.938221574
S 0.518843472 -0.432052463 -0.685386717
Na -0.865194798 3.315972328 2.410776854
C 0.991924226 0.446747363 -1.106030822
C 2.949491978 -2.401784182 -1.239277601
S 0.396029085 -1.546317577 -1.308825374
P -0.800191522 1.519768715 0.892507434
C 0.190470025 -1.508813620 -2.330938578
C -1.794092178 1.516591907 2.813992262
C -2.577972412 2.533751488 1.526798129
C 3.244492531 -0.809959114 -0.776410997
C 0.434899390 -2.482327700 -0.810723782
C 0.499858409 -0.622635484 1.394944787
S -0.255009055 -0.591458857 0.576708972
P 3.085998535 -1.472389936 -1.520907998
C -0.833352149 1.952394843 -0.170372307
S -1.359579802 0.432789803 0.207811177
C -1.626189113 0.074780621 -0.856926203
C -0.914889038 -1.444970012 0.901385546
