22

P 0.342923820 -2.062044859 2.175638914
C -0.687605798 0.052539598 -2.810035229
C -0.142437488 3.097127914 -0.569059014
S 0.666991711 0.633410096 0.175267026
C 1.116294026 1.179293275 2.294313669
C -0.303068101 -2.456709623 -0.931272745
P -0.376404226 -1.537804723 -0.676254451
S 0.863977790 0.412591964 1.613106847
S -0.423607051 2.219850540 -0.956782162
S 1.371830940 0.942764521 -0.999239922
S -0.238484442 -0.384690702 -0.412036657
C 1.625151157 1.724886298 -1.637318254
S -0.489121437 1.018640995 -0.163113639
C -1.726964951 -1.340042353 -2.750105619
Na 0.349632293 -1.408918858 3.315527916
C -0.987276614 2.335600615 -1.813977122
C 1.928571463 0.095144965 -1.203464627
S 0.597891033 -0.818493307 2.138214350
Na -1.599799156 -0.331307858 -2.696322918
C -0.247703210 -2.251587152 3.549989462
C -1.194729447 1.331050396 0.641356587
C -0.446062177 -2.451301813 1.715567589
