20

Na -0.857916355 1.984659076 -1.345177531
S 0.522313058 -0.345627815 1.952785015
C -0.557515621 -2.659880638 -1.041800976
C 1.267147899 2.455230951 0.316634357
Na 0.680743933 1.042006850 1.780409336
C -0.359854311 2.869324207 1.036649704
C 0.696962059 -0.104346864 -1.749684930
C 1.210964680 -0.900851905 2.890900612
Na -0.141126335 -0.940421641 2.866100073
Na -0.576374292 -2.095454454 3.037949800
C -1.385052085 1.259562373 -1.860801935
C 0.128492132 -2.119355679 -2.603267670
S 0.322375298 2.023920059 0.701248467
C 0.792929590 -1.835925460 0.689778745
S -0.443341047 -1.743572235 -1.711559534
S 0.317288458 -0.724031568 -0.960850537
S -0.426089942 1.749493718 -0.215032652
C 0.113539644 2.231487513 -1.854454875
Fe -1.854539275 -1.327264547 -2.387415409
P 0.549052536 -0.818951964 0.457590520
