20

S -1.404935956 1.265036225 0.196030617
S -0.253615707 0.935989678 -0.063306764
C -0.731946707 1.757915974 2.038257122
S 0.370758235 -1.108155489 -0.209821716
S 0.599412262 -1.571274877 -2.722886801
Na -2.595853329 1.693775535 -0.395081520
C 0.472618818 -0.038535859 3.072937012
C 0.109786242 -1.061792970 -3.569666624
C 0.736890137 1.964195609 -0.002616139
S 0.496289641 -1.284001470 1.148312807
S 0.191761151 -1.675271749 -1.504371762
S -0.452952921 1.017315865 1.360530734
Na -0.369870573 -2.769531488 -1.548437119
Na 1.452342987 2.430758238 0.711042404
S 0.637776375 -0.041894309 1.979695082
Na -3.355169535 2.639536142 -0.782247007
P 0.175775826 -0.208168671 -0.894964993
C 1.618635297 -1.802273989 -2.915585279
Na 1.811471105 0.175326511 2.201128721
Na 0.490826488 -2.318948746 1.901051164
